mu =  ~ Gaussian(mu, Cov)
  mu = 
[[ -8.35045649e+00   3.49980380e+00  -2.86944222e+00   8.96008086e+00
   -8.29165686e-01  -6.56759191e+00   1.35540461e+00  -1.00638431e+00]
 [ -7.16629633e-01   5.38892237e+00   1.11464484e+00  -3.87360153e+00
   -3.24760245e+00   2.38907945e+00   5.57583831e+00  -1.16601152e+00]
 [ -2.02385007e+01  -2.66674782e+00  -3.85993678e+00  -7.28975366e-01
   -4.37630756e-01   3.76543565e-01  -9.33112619e-01   1.59937853e-02]
 [  6.81678193e+01  -6.45243080e+00   2.99818768e+00  -2.21554162e+00
    1.57202370e+00   4.13145664e+00   4.15274750e+00  -2.30845528e+00]
 [ -6.54410461e+00  -1.07876107e+01   7.15104819e+00   3.41606774e+00
   -1.94543882e+00  -6.63675930e+00   4.57391478e+00   1.11124354e+00]
 [  4.27514970e+01  -1.62798137e+01  -2.25038814e+01  -7.00134346e+00
   -1.18721062e-01   2.52878451e+00   2.82855979e+01   7.25756626e+00]
 [ -9.08828728e+00   4.20729995e+00   3.32181131e-03   5.14940613e-01
    1.43596639e+00  -6.75725776e-01   1.24555922e+00  -3.64263896e-02]
 [  2.84469729e+01  -7.06309706e+00  -4.52926772e+00   9.05050026e+00
    4.81903435e+00  -1.21751225e+01   3.95477364e+01   8.92581111e+00]
 [ -7.42091357e+00  -4.63875004e+00  -4.84181585e+00   2.97278509e-01
   -5.83064427e-01  -1.19805596e+00   3.39847737e+00   9.32833289e-01]
 [  2.14621683e+01   3.50513387e+00  -2.05119444e+00  -7.51621513e+00
    2.34091758e-01   8.69805781e+00   3.17014376e+01   2.32291245e+00]]
  Cov = 
[[[  9.89431221e+01  -3.56681089e-01  -4.56422014e-02  -8.00278857e-01
     1.04249795e-01   5.17359572e-01   4.54826154e-02   1.09874161e-01]
  [ -3.56681089e-01   9.88091504e+01   4.31696787e-02  -2.69144639e-01
    -3.85008760e-02   9.64038210e-02   5.50227153e-02   1.07564368e-01]
  [ -4.56422014e-02   4.31696787e-02   9.83823674e+01  -7.89588083e-01
    -7.52441119e-03   5.24735257e-01  -6.39112198e-02  -5.87129552e-02]
  [ -8.00278857e-01  -2.69144639e-01  -7.89588083e-01   9.82512053e+01
     2.20713680e-01   3.13025297e-01   5.07669546e-02   1.65678911e-01]
  [  1.04249795e-01  -3.85008760e-02  -7.52441119e-03   2.20713680e-01
     9.82797345e+01   2.37419601e-01  -1.16516665e-02   3.16276255e-02]
  [  5.17359572e-01   9.64038210e-02   5.24735257e-01   3.13025297e-01
     2.37419601e-01   9.84013118e+01  -3.72776286e-02   1.18248888e-01]
  [  4.54826154e-02   5.50227153e-02  -6.39112198e-02   5.07669546e-02
    -1.16516665e-02  -3.72776286e-02   9.96497678e+01   4.92863037e-02]
  [  1.09874161e-01   1.07564368e-01  -5.87129552e-02   1.65678911e-01
     3.16276255e-02   1.18248888e-01   4.92863037e-02   9.86836291e+01]]

 [[  9.92073272e+01  -3.27652889e-01  -6.88584095e-02   5.77304197e-01
     1.16957728e-01  -3.65354132e-01  -1.00464927e-01   7.91377581e-01]
  [ -3.27652889e-01   9.95519617e+01   2.39915852e-01  -1.41305850e-01
     1.24322130e-01  -8.77950464e-03  -1.08977202e-01   5.13534868e-01]
  [ -6.88584095e-02   2.39915852e-01   9.89007868e+01   5.95129720e-01
    -4.35806374e-01  -1.87088362e-01  -6.11904335e-03  -6.51179139e-02]
  [  5.77304197e-01  -1.41305850e-01   5.95129720e-01   9.74808649e+01
     5.78864194e-01   8.70508305e-01  -6.99732692e-02  -1.11521285e-01]
  [  1.16957728e-01   1.24322130e-01  -4.35806374e-01   5.78864194e-01
     9.85722719e+01   2.40330169e-01  -5.19978525e-01   1.24148062e-01]
  [ -3.65354132e-01  -8.77950464e-03  -1.87088362e-01   8.70508305e-01
     2.40330169e-01   9.87974743e+01   6.28889213e-01  -4.57472938e-01]
  [ -1.00464927e-01  -1.08977202e-01  -6.11904335e-03  -6.99732692e-02
    -5.19978525e-01   6.28889213e-01   9.76160762e+01   5.52106481e-01]
  [  7.91377581e-01   5.13534868e-01  -6.51179139e-02  -1.11521285e-01
     1.24148062e-01  -4.57472938e-01   5.52106481e-01   9.57862535e+01]]

 [[  9.97638859e+01   2.44831197e-02  -5.31487011e-02   6.07542207e-02
     1.19139406e-02  -3.54956415e-02  -1.94636839e-02  -7.33748642e-02]
  [  2.44831197e-02   9.91081852e+01  -1.60569876e-01   1.89342307e-02
    -6.28130043e-02   2.73296900e-02  -4.02010699e-02   6.63072750e-02]
  [ -5.31487011e-02  -1.60569876e-01   9.90621335e+01   1.34301673e-01
    -5.09969416e-02  -4.77991982e-02  -1.73484486e-01  -4.10672911e-02]
  [  6.07542207e-02   1.89342307e-02   1.34301673e-01   9.84950769e+01
     6.00920895e-02   1.59174810e-02   8.52503920e-02   3.59139617e-02]
  [  1.19139406e-02  -6.28130043e-02  -5.09969416e-02   6.00920895e-02
     9.87534176e+01  -2.32730276e-02  -6.40103664e-02   4.73248545e-02]
  [ -3.54956415e-02   2.73296900e-02  -4.77991982e-02   1.59174810e-02
    -2.32730276e-02   9.85251891e+01  -1.10162752e-01  -5.93904888e-02]
  [ -1.94636839e-02  -4.02010699e-02  -1.73484486e-01   8.52503920e-02
    -6.40103664e-02  -1.10162752e-01   9.97185272e+01  -4.18853615e-02]
  [ -7.33748642e-02   6.63072750e-02  -4.10672911e-02   3.59139617e-02
     4.73248545e-02  -5.93904888e-02  -4.18853615e-02   9.90386441e+01]]

 [[  9.83573189e+01   4.16561001e-01   1.58287815e+00  -1.12601457e+00
     5.32109318e-01   8.46840483e-01  -4.32268307e-01  -7.55673519e-01]
  [  4.16561001e-01   7.60979788e+01   1.11472402e+00   1.31569809e+00
     4.90278067e-01   5.17503266e-01   3.11759494e-01   1.37011710e+01]
  [  1.58287815e+00   1.11472402e+00   7.59893380e+01   1.15769311e+00
     9.89405734e-01  -7.26117474e-01  -2.21281293e+00  -3.23137864e+00]
  [ -1.12601457e+00   1.31569809e+00   1.15769311e+00   6.99081249e+01
     6.94536906e-01   2.28041145e+00   9.95794610e-01   3.49613299e-01]
  [  5.32109318e-01   4.90278067e-01   9.89405734e-01   6.94536906e-01
     7.17821498e+01  -6.30993331e-01  -6.31748479e-01   1.85219220e+00]
  [  8.46840483e-01   5.17503266e-01  -7.26117474e-01   2.28041145e+00
    -6.30993331e-01   7.06087135e+01  -2.00660106e+00   1.89222249e+00]
  [ -4.32268307e-01   3.11759494e-01  -2.21281293e+00   9.95794610e-01
    -6.31748479e-01  -2.00660106e+00   9.61370509e+01  -2.03167520e+00]
  [ -7.55673519e-01   1.37011710e+01  -3.23137864e+00   3.49613299e-01
     1.85219220e+00   1.89222249e+00  -2.03167520e+00   5.10950442e+01]]

 [[  9.83042986e+01   7.58146388e-01  -6.58474555e-01  -1.12488410e-01
     6.24694287e-02   1.85347590e-01  -1.02031301e-01  -4.62122759e-01]
  [  7.58146388e-01   9.83718623e+01  -8.15239523e-01  -4.99208061e-01
    -1.80025562e-02   1.18102804e-01   1.25006354e-02   2.27332786e-01]
  [ -6.58474555e-01  -8.15239523e-01   9.80168730e+01  -5.27531694e-01
    -3.55842150e-02   3.82040153e-02  -1.51421891e-01   1.24984800e-01]
  [ -1.12488410e-01  -4.99208061e-01  -5.27531694e-01   9.59230023e+01
    -3.79316869e-01   6.85006769e-01   2.78253548e-01   2.77227573e-01]
  [  6.24694287e-02  -1.80025562e-02  -3.55842150e-02  -3.79316869e-01
     9.86089571e+01  -5.26232526e-01   2.67806170e-02   2.64760308e-01]
  [  1.85347590e-01   1.18102804e-01   3.82040153e-02   6.85006769e-01
    -5.26232526e-01   9.71071659e+01  -2.23870685e-01   5.52962759e-03]
  [ -1.02031301e-01   1.25006354e-02  -1.51421891e-01   2.78253548e-01
     2.67806170e-02  -2.23870685e-01   9.94109651e+01  -1.29768507e-01]
  [ -4.62122759e-01   2.27332786e-01   1.24984800e-01   2.77227573e-01
     2.64760308e-01   5.52962759e-03  -1.29768507e-01   9.69948217e+01]]

 [[  9.27699951e+01   8.44111929e-02   2.02342499e-01   3.40176964e-01
     2.11415732e-01  -5.87987600e-01   1.00772750e-01  -8.09574462e-02]
  [  8.44111929e-02   8.88158332e+01   5.74082464e-01  -2.05369004e-01
     1.47381497e-01  -2.58669920e-01  -4.88077389e-01   1.86136116e+00]
  [  2.02342499e-01   5.74082464e-01   8.83520370e+01   7.15448612e-01
     2.37060132e-01  -2.00596813e-02  -1.30875766e+00  -7.72447158e-01]
  [  3.40176964e-01  -2.05369004e-01   7.15448612e-01   8.41872956e+01
     2.65824409e-01   6.62082522e-01   6.89641179e-01   8.69248890e-01]
  [  2.11415732e-01   1.47381497e-01   2.37060132e-01   2.65824409e-01
     8.53670938e+01  -2.13834141e-01  -7.30188858e-01   7.99289075e-01]
  [ -5.87987600e-01  -2.58669920e-01  -2.00596813e-02   6.62082522e-01
    -2.13834141e-01   8.45119623e+01  -9.80294410e-01   1.21628755e+00]
  [  1.00772750e-01  -4.88077389e-01  -1.30875766e+00   6.89641179e-01
    -7.30188858e-01  -9.80294410e-01   9.82783052e+01  -7.82441271e-01]
  [ -8.09574462e-02   1.86136116e+00  -7.72447158e-01   8.69248890e-01
     7.99289075e-01   1.21628755e+00  -7.82441271e-01   8.51645911e+01]]

 [[  9.93933805e+01  -3.77082523e-01  -1.93718502e-01  -3.50685436e-02
    -1.10272120e-01   1.37095107e-01  -9.80468800e-02   1.44969697e-01]
  [ -3.77082523e-01   9.94518985e+01   3.00553309e-01  -1.24319932e-01
    -1.39669239e-01   1.51507064e-01  -2.97004865e-02   9.97110212e-02]
  [ -1.93718502e-01   3.00553309e-01   9.86038480e+01   1.72066052e-02
     1.57959488e-01   3.13912445e-02  -1.89869209e-01   6.24868388e-03]
  [ -3.50685436e-02  -1.24319932e-01   1.72066052e-02   9.76510659e+01
     8.23132327e-02   1.14333035e+00   1.75345517e-01   3.36560735e-01]
  [ -1.10272120e-01  -1.39669239e-01   1.57959488e-01   8.23132327e-02
     9.85604223e+01   1.54706672e-01  -6.71145840e-02   1.00446509e-02]
  [  1.37095107e-01   1.51507064e-01   3.13912445e-02   1.14333035e+00
     1.54706672e-01   9.83666455e+01  -1.61912722e-01  -3.43641799e-01]
  [ -9.80468800e-02  -2.97004865e-02  -1.89869209e-01   1.75345517e-01
    -6.71145840e-02  -1.61912722e-01   9.96911363e+01  -1.08345006e-01]
  [  1.44969697e-01   9.97110212e-02   6.24868388e-03   3.36560735e-01
     1.00446509e-02  -3.43641799e-01  -1.08345006e-01   9.91107385e+01]]

 [[  9.79361950e+01   1.52461120e-01   6.47292501e-02   4.92301512e-03
     9.13832641e-03  -6.05416516e-01  -9.75887186e-01  -1.01305219e+00]
  [  1.52461120e-01   9.41018301e+01   4.67194171e-01  -7.16936835e-01
    -1.19301174e+00  -4.60059539e-01  -1.01869172e+00   6.70774926e+00]
  [  6.47292501e-02   4.67194171e-01   9.60550079e+01  -1.22101466e+00
     9.20288135e-01   5.53321068e-01   1.94850304e-01  -1.55497670e+00]
  [  4.92301512e-03  -7.16936835e-01  -1.22101466e+00   9.48804238e+01
    -2.58283728e-01   1.43093109e-01   6.87483569e-01   8.21238377e-01]
  [  9.13832641e-03  -1.19301174e+00   9.20288135e-01  -2.58283728e-01
     9.37599857e+01  -1.17498618e+00   1.14249913e+00   3.76170371e-01]
  [ -6.05416516e-01  -4.60059539e-01   5.53321068e-01   1.43093109e-01
    -1.17498618e+00   9.43636719e+01  -9.99826128e-01   1.74655003e-01]
  [ -9.75887186e-01  -1.01869172e+00   1.94850304e-01   6.87483569e-01
     1.14249913e+00  -9.99826128e-01   8.43428148e+01  -1.67948915e+00]
  [ -1.01305219e+00   6.70774926e+00  -1.55497670e+00   8.21238377e-01
     3.76170371e-01   1.74655003e-01  -1.67948915e+00   7.57100593e+01]]

 [[  9.93927420e+01   4.84196783e-01   3.78146423e-01   6.83993173e-02
     3.87917615e-03   8.21464105e-02   2.73420291e-01  -3.25610825e-02]
  [  4.84196783e-01   9.90645858e+01  -2.00409265e-01  -1.10170079e-02
     1.06820683e-01  -1.44044405e-01  -9.17567896e-03  -1.84620674e-02]
  [  3.78146423e-01  -2.00409265e-01   9.93249529e+01   1.11402777e-02
    -1.80710353e-02  -1.13651354e-01  -9.52020012e-02   4.09394144e-02]
  [  6.83993173e-02  -1.10170079e-02   1.11402777e-02   9.93358112e+01
    -1.67091606e-01  -3.27870705e-01  -2.20218956e-03   1.35637921e-01]
  [  3.87917615e-03   1.06820683e-01  -1.80710353e-02  -1.67091606e-01
     9.91908613e+01  -1.41668805e-01   8.04442950e-02   1.16934553e-01]
  [  8.21464105e-02  -1.44044405e-01  -1.13651354e-01  -3.27870705e-01
    -1.41668805e-01   9.88600461e+01   7.81174615e-02   2.65500204e-01]
  [  2.73420291e-01  -9.17567896e-03  -9.52020012e-02  -2.20218956e-03
     8.04442950e-02   7.81174615e-02   9.86755744e+01   3.10917003e-02]
  [ -3.25610825e-02  -1.84620674e-02   4.09394144e-02   1.35637921e-01
     1.16934553e-01   2.65500204e-01   3.10917003e-02   9.91639000e+01]]

 [[  9.65933244e+01  -9.84622724e-03   4.48138695e-01  -3.84102217e-02
    -3.57982235e-01   7.23950943e-01  -1.50205229e+00   4.67040359e-02]
  [ -9.84622724e-03   9.55353224e+01  -5.12826267e-02   1.18375814e+00
     5.15864312e-01  -6.59266467e-02   6.43808023e-01   4.90553397e+00]
  [  4.48138695e-01  -5.12826267e-02   9.55954000e+01   1.42157857e+00
    -9.62183639e-02  -1.72230656e-01  -7.64409647e-02  -8.55542665e-01]
  [ -3.84102217e-02   1.18375814e+00   1.42157857e+00   9.35715190e+01
    -1.91440094e-01   9.36867140e-01  -4.92846122e-01  -1.20805453e+00]
  [ -3.57982235e-01   5.15864312e-01  -9.62183639e-02  -1.91440094e-01
     9.38090287e+01   6.53440474e-01  -1.25786288e-01   5.60143942e-01]
  [  7.23950943e-01  -6.59266467e-02  -1.72230656e-01   9.36867140e-01
     6.53440474e-01   9.38476391e+01   1.52022331e+00   1.38365456e+00]
  [ -1.50205229e+00   6.43808023e-01  -7.64409647e-02  -4.92846122e-01
    -1.25786288e-01   1.52022331e+00   9.32256570e+01  -2.01076412e+00]
  [  4.67040359e-02   4.90553397e+00  -8.55542665e-01  -1.20805453e+00
     5.60143942e-01   1.38365456e+00  -2.01076412e+00   7.93685081e+01]]]

Lambda = ~ Wishart(n, A)
  n =
[ 1589.95450793   655.09990862  2649.68380038  4178.98647433  1919.49918011
  8723.29281403  1450.03136586  2364.88642683  1079.12350156  3117.44202033]
  A =
[[[  4.37511625e-11   1.48478654e-11   1.96823697e-12   3.33536604e-11
    -4.85074810e-12  -2.13133755e-11  -1.83829731e-12  -4.48435335e-12]
  [  1.48478654e-11   4.87627251e-11  -1.53968769e-12   1.13958430e-11
     1.28085517e-12  -4.21554369e-12  -2.25704892e-12  -4.42907286e-12]
  [  1.96823697e-12  -1.53968769e-12   6.68239713e-11   3.27513379e-11
     4.83981285e-13  -2.19948441e-11   2.63966796e-12   2.41678085e-12]
  [  3.33536604e-11   1.13958430e-11   3.27513379e-11   7.25354097e-11
    -9.40657705e-12  -1.31737028e-11  -2.06174849e-12  -6.86661291e-12]
  [ -4.85074810e-12   1.28085517e-12   4.83981285e-13  -9.40657705e-12
     7.11355132e-11  -9.82018834e-12   5.56617455e-13  -1.48108484e-12]
  [ -2.13133755e-11  -4.21554369e-12  -2.19948441e-11  -1.31737028e-11
    -9.82018834e-12   6.60615224e-11   1.50249005e-12  -4.96458357e-12]
  [ -1.83829731e-12  -2.25704892e-12   2.63966796e-12  -2.06174849e-12
     5.56617455e-13   1.50249005e-12   1.41273067e-11  -2.01146265e-12]
  [ -4.48435335e-12  -4.42907286e-12   2.41678085e-12  -6.86661291e-12
    -1.48108484e-12  -4.96458357e-12  -2.01146265e-12   5.38220111e-11]]

 [[  1.90052956e-10   7.81406001e-11   1.74421020e-11  -1.40230944e-10
    -2.98613166e-11   8.74304121e-11   2.42979597e-11  -1.95472841e-10]
  [  7.81406001e-11   1.04945298e-10  -5.65624158e-11   3.29241731e-11
    -3.06096275e-11   1.95930054e-12   2.63778500e-11  -1.23339368e-10]
  [  1.74421020e-11  -5.65624158e-11   2.58847238e-10  -1.46156383e-10
     1.07364394e-10   4.45858072e-11   8.20760211e-12   1.41482800e-11]
  [ -1.40230944e-10   3.29241731e-11  -1.46156383e-10   6.01799612e-10
    -1.40110513e-10  -2.06454003e-10   1.57418725e-11   3.47005827e-11]
  [ -2.98613166e-11  -3.06096275e-11   1.07364394e-10  -1.40110513e-10
     3.44652202e-10  -5.88732331e-11   1.26910258e-10  -2.59855142e-11]
  [  8.74304121e-11   1.95930054e-12   4.45858072e-11  -2.06454003e-10
    -5.88732331e-11   2.83562086e-10  -1.50718812e-10   1.08307892e-10]
  [  2.42979597e-11   2.63778500e-11   8.20760211e-12   1.57418725e-11
     1.26910258e-10  -1.50718812e-10   5.72082412e-10  -1.34128647e-10]
  [ -1.95472841e-10  -1.23339368e-10   1.41482800e-11   3.47005827e-11
    -2.59855142e-11   1.08307892e-10  -1.34128647e-10   1.01853779e-09]]

 [[  3.35397864e-12  -3.53743154e-13   7.33235051e-13  -8.58128383e-13
    -1.85520093e-13   5.05088990e-13   2.72166426e-13   1.05580273e-12]
  [ -3.53743154e-13   1.28556246e-11   2.26926593e-12  -2.99544300e-13
     9.55932533e-13  -4.23249395e-13   5.82506316e-13  -9.81878682e-13]
  [  7.33235051e-13   2.26926593e-12   1.34684139e-11  -1.98212854e-12
     7.97550223e-13   6.55786804e-13   2.49162027e-12   5.98235507e-13]
  [ -8.58128383e-13  -2.99544300e-13  -1.98212854e-12   2.16274113e-11
    -9.32051075e-13  -1.64165104e-13  -1.22854964e-12  -4.98543645e-13]
  [ -1.85520093e-13   9.55932533e-13   7.97550223e-13  -9.32051075e-13
     1.79260591e-11   3.24388072e-13   9.44265080e-13  -6.90174275e-13]
  [  5.05088990e-13  -4.23249395e-13   6.55786804e-13  -1.64165104e-13
     3.24388072e-13   2.12109447e-11   1.58312543e-12   8.49562436e-13]
  [  2.72166426e-13   5.82506316e-13   2.49162027e-12  -1.22854964e-12
     9.44265080e-13   1.58312543e-12   3.99793258e-12   5.99257619e-13]
  [  1.05580273e-12  -9.81878682e-13   5.98235507e-13  -4.98543645e-13
    -6.90174275e-13   8.49562436e-13   5.99257619e-13   1.37818572e-11]]

 [[  9.88118380e-12  -4.85925763e-12  -1.17897703e-11   9.86732552e-12
    -4.51598043e-12  -7.61538559e-12   2.28328783e-12   9.60792804e-12]
  [ -4.85925763e-12   2.19011414e-10  -2.07486614e-11  -1.37200412e-11
     5.78103403e-13  -3.15089897e-13  -7.45325570e-12  -2.13921069e-10]
  [ -1.17897703e-11  -2.07486614e-11   1.84645506e-10  -1.32799232e-11
    -1.11197156e-11   7.59171182e-12   1.88465117e-11   5.39800045e-11]
  [  9.86732552e-12  -1.37200412e-11  -1.32799232e-11   2.47198329e-10
    -7.86407221e-12  -2.68496085e-11  -9.45119543e-12  -2.01268221e-12]
  [ -4.51598043e-12   5.78103403e-13  -1.11197156e-11  -7.86407221e-12
     2.25401137e-10   8.18623160e-12   4.55196324e-12  -3.03815771e-11]
  [ -7.61538559e-12  -3.15089897e-13   7.59171182e-12  -2.68496085e-11
     8.18623160e-12   2.40084869e-10   1.69403655e-11  -2.87567043e-11]
  [  2.28328783e-12  -7.45325570e-12   1.88465117e-11  -9.45119543e-12
     4.55196324e-12   1.69403655e-11   2.43336639e-11   2.60447035e-11]
  [  9.60792804e-12  -2.13921069e-10   5.39800045e-11  -2.01268221e-12
    -3.03815771e-11  -2.87567043e-11   2.60447035e-11   6.11038081e-10]]

 [[  4.65515107e-11  -2.07822856e-11   1.85474613e-11   2.62316941e-12
    -1.62772099e-12  -4.87163295e-12   3.10317442e-12   1.26845595e-11]
  [ -2.07822856e-11   4.48656209e-11   2.24853528e-11   1.39164811e-11
     5.02204091e-13  -3.24440108e-12  -5.10877267e-13  -6.29138529e-12]
  [  1.85474613e-11   2.24853528e-11   5.50476544e-11   1.41699080e-11
     1.02962552e-12  -7.80124372e-13   4.33856070e-12  -3.40073312e-12]
  [  2.62316941e-12   1.39164811e-11   1.41699080e-11   1.16436243e-10
     1.05996596e-11  -2.09699209e-11  -7.94313795e-12  -8.37399883e-12]
  [ -1.62772099e-12   5.02204091e-13   1.02962552e-12   1.05996596e-11
     3.83281216e-11   1.46365927e-11  -7.47428732e-13  -7.36393553e-12]
  [ -4.87163295e-12  -3.24440108e-12  -7.80124372e-13  -2.09699209e-11
     1.46365927e-11   8.13383232e-11   6.33901390e-12   6.29492498e-14]
  [  3.10317442e-12  -5.10877267e-13   4.33856070e-12  -7.94313795e-12
    -7.47428732e-13   6.33901390e-12   1.60610402e-11   3.68850400e-12]
  [  1.26845595e-11  -6.29138529e-12  -3.40073312e-12  -8.37399883e-12
    -7.36393553e-12   6.29492498e-14   3.68850400e-12   8.29307723e-11]]

 [[  1.02787366e-11  -1.50008090e-13  -3.01934234e-13  -5.51379225e-13
    -3.61312493e-13   9.56988285e-13  -1.53172959e-13   1.29737783e-13]
  [ -1.50008090e-13   1.67879200e-11  -9.73961702e-13   4.39338522e-13
    -1.97195109e-13   5.07869626e-13   7.09447672e-13  -3.31674654e-12]
  [ -3.01934234e-13  -9.73961702e-13   1.75405927e-11  -1.25856945e-12
    -4.24657298e-13   3.60691202e-14   2.00573789e-12   1.40857796e-12]
  [ -5.51379225e-13   4.39338522e-13  -1.25856945e-12   2.49496296e-11
    -4.83639348e-13  -1.22530139e-12  -1.14431113e-12  -1.60260161e-12]
  [ -3.61312493e-13  -1.97195109e-13  -4.24657298e-13  -4.83639348e-13
     2.27981219e-11   4.41156691e-13   1.14362377e-12  -1.43881915e-12]
  [  9.56988285e-13   5.07869626e-13   3.60691202e-14  -1.22530139e-12
     4.41156691e-13   2.43857082e-11   1.56692465e-12  -2.22407429e-12]
  [ -1.53172959e-13   7.09447672e-13   2.00573789e-12  -1.14431113e-12
     1.14362377e-12   1.56692465e-12   2.39558410e-12   1.23371712e-12]
  [  1.29737783e-13  -3.31674654e-12   1.40857796e-12  -1.60260161e-12
    -1.43881915e-12  -2.22407429e-12   1.23371712e-12   2.34030896e-11]]

 [[  2.93044827e-11   1.83746482e-11   9.04779048e-12   1.38071327e-12
     6.07974616e-12  -6.73008205e-12   4.75244535e-12  -7.07899901e-12]
  [  1.83746482e-11   2.66784400e-11  -1.47170971e-11   6.02384713e-12
     7.39961712e-12  -7.61849280e-12   1.43441879e-12  -4.94488589e-12]
  [  9.04779048e-12  -1.47170971e-11   6.74525184e-11  -1.18489576e-12
    -8.14835478e-12  -1.05931441e-12   9.19898823e-12  -2.40001445e-13]
  [  1.38071327e-12   6.02384713e-12  -1.18489576e-12   1.15364254e-10
    -3.93006339e-12  -5.66522485e-11  -8.74858973e-12  -1.67426335e-11]
  [  6.07974616e-12   7.39961712e-12  -8.14835478e-12  -3.93006339e-12
     7.05514084e-11  -7.69010020e-12   3.32579420e-12  -6.50656777e-13]
  [ -6.73008205e-12  -7.61849280e-12  -1.05931441e-12  -5.66522485e-11
    -7.69010020e-12   8.00461337e-11   7.99128377e-12   1.70963551e-11]
  [  4.75244535e-12   1.43441879e-12   9.19898823e-12  -8.74858973e-12
     3.32579420e-12   7.99128377e-12   1.48609776e-11   5.29740244e-12]
  [ -7.07899901e-12  -4.94488589e-12  -2.40001445e-13  -1.67426335e-11
    -6.50656777e-13   1.70963551e-11   5.29740244e-12   4.30088944e-11]]

 [[  3.83558738e-11  -4.34826554e-12  -1.11773751e-12  -7.77863232e-13
    -5.57597299e-13   1.21056686e-11   2.22611269e-11   2.53543550e-11]
  [ -4.34826554e-12   1.27922428e-10  -1.18117861e-11   1.67946668e-11
     2.57474264e-11   1.03242447e-11   1.88162305e-11  -1.74309158e-10]
  [ -1.11773751e-12  -1.18117861e-11   7.68988769e-11   2.48358211e-11
    -1.89481263e-11  -1.16415191e-11  -4.18878986e-12   3.91906536e-11]
  [ -7.77863232e-13   1.67946668e-11   2.48358211e-11   1.00440523e-10
     5.40931931e-12  -3.47115262e-12  -1.59972742e-11  -2.30836500e-11]
  [ -5.57597299e-13   2.57474264e-11  -1.89481263e-11   5.40931931e-12
     1.23235278e-10   2.44529569e-11  -2.65342694e-11  -1.30312222e-11]
  [  1.21056686e-11   1.03242447e-11  -1.16415191e-11  -3.47115262e-12
     2.44529569e-11   1.10042267e-10   2.29066204e-11  -4.75172393e-12]
  [  2.22611269e-11   1.88162305e-11  -4.18878986e-12  -1.59972742e-11
    -2.65342694e-11   2.29066204e-11   3.36920016e-10   4.74640843e-11]
  [  2.53543550e-11  -1.74309158e-10   3.91906536e-11  -2.30836500e-11
    -1.30312222e-11  -4.75172393e-12   4.74640843e-11   6.02016554e-10]]

 [[  5.45007397e-11  -4.34915888e-11  -3.39622239e-11  -5.96521481e-12
    -2.11978728e-13  -6.89257906e-12  -2.44128988e-11   2.85139432e-12]
  [ -4.34915888e-11   8.31892839e-11   1.80774517e-11   9.62198216e-13
    -9.65992358e-12   1.24329013e-11   1.21233523e-12   1.73844435e-12]
  [ -3.39622239e-11   1.80774517e-11   6.00677491e-11  -1.13717635e-12
     1.44840932e-12   1.00482831e-11   9.17965563e-12  -3.52197005e-12]
  [ -5.96521481e-12   9.62198216e-13  -1.13717635e-12   5.91379785e-11
     1.51725776e-11   2.93876382e-11  -2.50821540e-14  -1.23129827e-11]
  [ -2.11978728e-13  -9.65992358e-12   1.44840932e-12   1.51725776e-11
     7.20564159e-11   1.30185912e-11  -7.18455760e-12  -1.05508012e-11]
  [ -6.89257906e-12   1.24329013e-11   1.00482831e-11   2.93876382e-11
     1.30185912e-11   1.01838683e-10  -6.89454569e-12  -2.38923939e-11]
  [ -2.44128988e-11   1.21233523e-12   9.17965563e-12  -2.50821540e-14
    -7.18455760e-12  -6.89454569e-12   1.16845517e-10  -3.04916324e-12]
  [  2.85139432e-12   1.73844435e-12  -3.52197005e-12  -1.23129827e-11
    -1.05508012e-11  -2.38923939e-11  -3.04916324e-12   7.45528737e-11]]

 [[  3.69187224e-11  -1.90449009e-13  -5.00103110e-12   8.99958807e-13
     4.29103831e-12  -8.77135445e-12   1.76542193e-11   4.06428138e-14]
  [ -1.90449009e-13   5.27344233e-11   8.35919847e-14  -1.49652233e-11
    -5.87126008e-12   2.25234908e-12  -9.25217532e-12  -6.86583524e-11]
  [ -5.00103110e-12   8.35919847e-14   4.84643887e-11  -1.66417353e-11
     9.83029573e-13   1.92486656e-12   8.51568665e-13   1.18009660e-11]
  [  8.99958807e-13  -1.49652233e-11  -1.66417353e-11   7.26808289e-11
     2.44435970e-12  -1.15579521e-11   6.58775073e-12   1.80793297e-11]
  [  4.29103831e-12  -5.87126008e-12   9.83029573e-13   2.44435970e-12
     6.83279041e-11  -7.70898541e-12   2.15082136e-12  -7.51187199e-12]
  [ -8.77135445e-12   2.25234908e-12   1.92486656e-12  -1.15579521e-11
    -7.70898541e-12   6.92971322e-11  -1.91042550e-11  -2.04088901e-11]
  [  1.76542193e-11  -9.25217532e-12   8.51568665e-13   6.58775073e-12
     2.15082136e-12  -1.91042550e-11   7.69872854e-11   2.92042789e-11]
  [  4.06428138e-14  -6.86583524e-11   1.18009660e-11   1.80793297e-11
    -7.51187199e-12  -2.04088901e-11   2.92042789e-11   2.79639730e-10]]]
alpha =  ~ Dirichlet(alpha)
  alpha =
[ 1581.96450793   647.10990862  2641.69380038  4170.99647433  1911.50918011
  8715.30281403  1442.04136586  2356.89642683  1071.13350156  3109.45202033]