mu =  ~ Gaussian(mu, Cov)
  mu = 
[[-11.47785147   0.05536075   0.12061574   6.45979521  -0.6005198
   -3.9203113    5.68329078   0.77077582]
 [-11.70297412   0.39001727  -0.26073244  -0.43616717  -0.32323687
    0.73792597   2.28115532   0.57083733]
 [  2.09204224  -0.61395203  -2.88180722  -3.42125028   2.04190061
    3.78627349   1.38550215   1.23114721]
 [ 14.30838437  -7.31616265 -22.08480917  17.4243693    0.21108353
   -5.55952504  11.60364495  11.9015114 ]
 [ -2.38789185   9.80849431   1.06209011   1.36900654   1.43856907
   -3.88365899   4.99443294  -1.32545839]
 [  2.5254678    0.98107777  -6.22099164   0.41959251  -0.48665507
    1.3143306    7.84854393   0.71180048]
 [  0.48768414 -12.01919305   1.7236229   -1.63525353   0.32877583
    0.64998926   4.61450826   5.94083322]
 [  6.53155141   2.64331323   1.73727888   0.10280411   0.4682714
   -0.42765667   1.54169127  -1.30202362]
 [ 46.34209964  -5.29238987  -2.44829783  -1.25141067  -1.00524381
    7.61382365  -3.00600882   1.65029611]
 [-12.4233289   -1.34672054  -5.11446651   1.44768301  -0.078405
   -0.95347501   8.25149569   0.20719962]]
  Cov = 
[[[  9.92008250e+01  -1.37986906e-01  -5.63282632e-01  -9.75544025e-01
     1.25103976e-01   3.98349194e-01   1.65647013e-01  -1.40392877e-01]
  [ -1.37986906e-01   9.92728468e+01  -2.40541117e-01  -2.75192227e-01
     2.63301045e-02   3.75081929e-02   6.68897203e-02  -5.66191017e-02]
  [ -5.63282632e-01  -2.40541117e-01   9.86393160e+01  -9.94769470e-01
     2.19813825e-02   4.25950026e-01   7.99342175e-02  -4.22790273e-02]
  [ -9.75544025e-01  -2.75192227e-01  -9.94769470e-01   9.80344679e+01
     7.98174615e-02   3.59471271e-01   6.62876118e-02  -1.46778063e-01]
  [  1.25103976e-01   2.63301045e-02   2.19813825e-02   7.98174615e-02
     9.88545719e+01  -4.42086940e-02  -8.38758188e-02   1.08112077e-02]
  [  3.98349194e-01   3.75081929e-02   4.25950026e-01   3.59471271e-01
    -4.42086940e-02   9.88031518e+01  -7.83146236e-02  -9.62888138e-02]
  [  1.65647013e-01   6.68897203e-02   7.99342175e-02   6.62876118e-02
    -8.38758188e-02  -7.83146236e-02   9.91213240e+01  -2.49440669e-02]
  [ -1.40392877e-01  -5.66191017e-02  -4.22790273e-02  -1.46778063e-01
     1.08112077e-02  -9.62888138e-02  -2.49440669e-02   9.87681222e+01]]

 [[  9.97630259e+01  -3.93727520e-02  -2.30405031e-01   2.71215219e-01
    -1.23978299e-02  -1.23184025e-01  -1.48161129e-03  -6.05425795e-02]
  [ -3.93727520e-02   9.96984270e+01  -8.57708837e-02   1.71946925e-02
    -1.21577430e-02   4.73566914e-03   1.04811305e-02  -2.58060676e-02]
  [ -2.30405031e-01  -8.57708837e-02   9.92215218e+01   2.75644653e-01
     9.16630176e-03  -1.46898867e-01  -1.22002758e-01  -6.01779890e-02]
  [  2.71215219e-01   1.71946925e-02   2.75644653e-01   9.84139866e+01
     3.54757401e-02   4.80566752e-01   1.08454656e-01   1.48305984e-02]
  [ -1.23978299e-02  -1.21577430e-02   9.16630176e-03   3.54757401e-02
     9.91660841e+01  -2.73091368e-02  -2.06447265e-02  -8.66545100e-03]
  [ -1.23184025e-01   4.73566914e-03  -1.46898867e-01   4.80566752e-01
    -2.73091368e-02   9.88922031e+01  -1.18698407e-01  -4.94917086e-02]
  [ -1.48161129e-03   1.04811305e-02  -1.22002758e-01   1.08454656e-01
    -2.06447265e-02  -1.18698407e-01   9.96319703e+01   2.34450396e-02]
  [ -6.05425795e-02  -2.58060676e-02  -6.01779890e-02   1.48305984e-02
    -8.66545100e-03  -4.94917086e-02   2.34450396e-02   9.92677996e+01]]

 [[  9.91165704e+01   1.46092491e-01  -1.74819385e-01   3.43478562e-01
    -2.48890541e-01   6.76090432e-02  -3.98340720e-01  -2.98285997e-02]
  [  1.46092491e-01   9.84752005e+01   1.77489104e-01   3.44029197e-01
     7.68785738e-01  -9.70286878e-02   2.53879842e-01   7.38457385e-01]
  [ -1.74819385e-01   1.77489104e-01   9.92476265e+01   3.32898980e-01
     1.13870439e-01  -2.39535634e-01  -3.75008742e-01  -2.56514556e-01]
  [  3.43478562e-01   3.44029197e-01   3.32898980e-01   9.88632778e+01
    -2.89812494e-01   2.23871113e-01  -6.45024382e-03  -2.97309465e-01]
  [ -2.48890541e-01   7.68785738e-01   1.13870439e-01  -2.89812494e-01
     9.81135549e+01   2.99197242e-01  -3.44487095e-03  -3.29531288e-01]
  [  6.76090432e-02  -9.70286878e-02  -2.39535634e-01   2.23871113e-01
     2.99197242e-01   9.88915929e+01   2.99596938e-01   1.87843315e-01]
  [ -3.98340720e-01   2.53879842e-01  -3.75008742e-01  -6.45024382e-03
    -3.44487095e-03   2.99596938e-01   9.91142130e+01  -5.29632583e-01]
  [ -2.98285997e-02   7.38457385e-01  -2.56514556e-01  -2.97309465e-01
    -3.29531288e-01   1.87843315e-01  -5.29632583e-01   9.78927233e+01]]

 [[  9.56540463e+01  -1.70216643e-01   1.74182587e-01  -2.57843125e-01
     2.75790936e-01   1.27445352e-01  -5.39797587e-01   6.72561276e-02]
  [ -1.70216643e-01   9.42143802e+01  -1.82724672e-01  -1.25736252e-01
     1.15173303e-01  -5.28007403e-02  -4.09098915e-01   6.81934027e-01]
  [  1.74182587e-01  -1.82724672e-01   9.41000533e+01  -6.86262016e-01
     1.15020669e-01   3.10761040e-01  -7.47809087e-01  -2.03721923e-01]
  [ -2.57843125e-01  -1.25736252e-01  -6.86262016e-01   9.19777424e+01
    -1.30758019e-01  -1.29704998e-01   4.34703891e-01   4.68839174e-01]
  [  2.75790936e-01   1.15173303e-01   1.15020669e-01  -1.30758019e-01
     9.24303388e+01  -5.08318153e-01  -3.33823627e-01   2.53516541e-01]
  [  1.27445352e-01  -5.28007403e-02   3.10761040e-01  -1.29704998e-01
    -5.08318153e-01   9.12499218e+01  -5.73375896e-01   9.77660735e-01]
  [ -5.39797587e-01  -4.09098915e-01  -7.47809087e-01   4.34703891e-01
    -3.33823627e-01  -5.73375896e-01   9.87133626e+01  -2.96911554e-01]
  [  6.72561276e-02   6.81934027e-01  -2.03721923e-01   4.68839174e-01
     2.53516541e-01   9.77660735e-01  -2.96911554e-01   9.33377181e+01]]

 [[  9.88213865e+01  -7.10011308e-01  -1.51696008e-02  -3.33786782e-04
    -1.37264008e-01   3.70973436e-01  -1.43648053e-01   9.88436798e-01]
  [ -7.10011308e-01   9.88366068e+01   3.98827084e-01   2.49449307e-02
    -7.35696626e-02   1.81352775e-01   2.86231621e-01   1.34894761e+00]
  [ -1.51696008e-02   3.98827084e-01   9.81850986e+01  -1.82367043e-01
    -8.66494305e-03   1.92563413e-01  -8.58382926e-02  -2.30872344e-01]
  [ -3.33786782e-04   2.49449307e-02  -1.82367043e-01   9.72255694e+01
     2.04878660e-02   9.11405668e-01   1.09411669e-01  -2.48543910e-01]
  [ -1.37264008e-01  -7.35696626e-02  -8.66494305e-03   2.04878660e-02
     9.79388796e+01   3.10157206e-01  -3.74052874e-02  -3.22821660e-01]
  [  3.70973436e-01   1.81352775e-01   1.92563413e-01   9.11405668e-01
     3.10157206e-01   9.80966260e+01  -2.12137943e-01  -6.59678492e-01]
  [ -1.43648053e-01   2.86231621e-01  -8.58382926e-02   1.09411669e-01
    -3.74052874e-02  -2.12137943e-01   9.82711060e+01  -6.56784025e-01]
  [  9.88436798e-01   1.34894761e+00  -2.30872344e-01  -2.48543910e-01
    -3.22821660e-01  -6.59678492e-01  -6.56784025e-01   9.46023561e+01]]

 [[  9.91460703e+01  -3.18914175e-01   3.04716863e-01   2.99592187e-03
     2.25749554e-01  -2.21288812e-01  -6.27108602e-01   1.15461559e+00]
  [ -3.18914175e-01   9.85290273e+01   4.00011202e-02  -1.44712189e-01
     3.25971253e-01  -3.99397032e-01   1.23704625e+00   2.60575021e+00]
  [  3.04716863e-01   4.00011202e-02   9.95424550e+01   4.47312138e-02
    -1.25496570e-01   5.06042854e-03   1.47187142e-01  -2.42070225e-01]
  [  2.99592187e-03  -1.44712189e-01   4.47312138e-02   9.93965788e+01
     2.73512426e-01  -1.99551536e-01   6.59937778e-01   4.67217828e-01]
  [  2.25749554e-01   3.25971253e-01  -1.25496570e-01   2.73512426e-01
     9.85633944e+01   3.85075953e-01  -1.06415722e+00  -8.36284240e-01]
  [ -2.21288812e-01  -3.99397032e-01   5.06042854e-03  -1.99551536e-01
     3.85075953e-01   9.90515084e+01   1.19806824e+00   9.64767330e-01]
  [ -6.27108602e-01   1.23704625e+00   1.47187142e-01   6.59937778e-01
    -1.06415722e+00   1.19806824e+00   9.37058998e+01  -1.88851241e+00]
  [  1.15461559e+00   2.60575021e+00  -2.42070225e-01   4.67217828e-01
    -8.36284240e-01   9.64767330e-01  -1.88851241e+00   9.05804706e+01]]

 [[  9.86684613e+01   5.20106317e-01  -1.91972255e-01   1.20788866e-01
     6.74186003e-02  -2.21731608e-01  -6.30160821e-01  -1.42799807e+00]
  [  5.20106317e-01   9.88879248e+01  -2.29585337e-01   1.11593712e-01
     2.24906776e-02  -1.09762251e-02  -2.25634417e-01   8.64821875e-01]
  [ -1.91972255e-01  -2.29585337e-01   9.87482862e+01   3.01604915e-01
     6.31754363e-02  -5.56549638e-02  -5.60291893e-02  -3.04303484e-01]
  [  1.20788866e-01   1.11593712e-01   3.01604915e-01   9.75797942e+01
    -2.94091802e-01  -2.97611181e-01   1.90734648e-01   9.34738756e-03]
  [  6.74186003e-02   2.24906776e-02   6.31754363e-02  -2.94091802e-01
     9.86117834e+01  -7.38129811e-01   2.73920952e-02  -1.23189245e-02]
  [ -2.21731608e-01  -1.09762251e-02  -5.56549638e-02  -2.97611181e-01
    -7.38129811e-01   9.69525394e+01  -5.18334295e-01   3.72041000e-01]
  [ -6.30160821e-01  -2.25634417e-01  -5.60291893e-02   1.90734648e-01
     2.73920952e-02  -5.18334295e-01   9.78393153e+01  -1.85976520e-01]
  [ -1.42799807e+00   8.64821875e-01  -3.04303484e-01   9.34738756e-03
    -1.23189245e-02   3.72041000e-01  -1.85976520e-01   9.12860620e+01]]

 [[  9.93505094e+01   2.05945579e-01   1.49828476e-01   5.09168135e-02
     2.93522651e-01  -2.89709363e-01   1.99456033e-01   5.07478425e-01]
  [  2.05945579e-01   9.89139746e+01   6.56802013e-01  -2.51136565e-01
    -4.70714633e-01  -3.59583139e-02   6.69158915e-02   6.78395990e-01]
  [  1.49828476e-01   6.56802013e-01   9.63947258e+01  -3.84799290e-01
     1.81733957e-01   1.11994666e+00  -3.59276515e-01  -5.41120452e-01]
  [  5.09168135e-02  -2.51136565e-01  -3.84799290e-01   9.66970760e+01
     4.50802900e-01   1.50578652e+00   3.33069325e-01   1.34325376e-02]
  [  2.93522651e-01  -4.70714633e-01   1.81733957e-01   4.50802900e-01
     9.58293496e+01   6.78328775e-01  -2.38391571e-01   3.73681686e-01]
  [ -2.89709363e-01  -3.59583139e-02   1.11994666e+00   1.50578652e+00
     6.78328775e-01   9.75899910e+01   1.93770048e-02   6.17411379e-01]
  [  1.99456033e-01   6.69158915e-02  -3.59276515e-01   3.33069325e-01
    -2.38391571e-01   1.93770048e-02   9.97591535e+01  -4.57568967e-01]
  [  5.07478425e-01   6.78395990e-01  -5.41120452e-01   1.34325376e-02
     3.73681686e-01   6.17411379e-01  -4.57568967e-01   9.69730113e+01]]

 [[  9.85355956e+01  -2.37840832e-01   8.56510649e-01  -9.87169919e-01
     2.97207580e-01   7.77324728e-01  -1.34911948e+00   1.15742109e-01]
  [ -2.37840832e-01   8.20255328e+01   1.59475203e+00   5.43986730e-01
     4.43595733e-01  -4.21427509e-01  -2.10119575e-01   9.37595130e+00]
  [  8.56510649e-01   1.59475203e+00   8.50062778e+01   2.50936651e+00
     2.02304844e-01  -5.08832701e-01  -1.34379100e+00  -2.12463103e+00]
  [ -9.87169919e-01   5.43986730e-01   2.50936651e+00   7.99346688e+01
    -4.63187302e-01   1.15493364e+00   5.18307079e-01   1.11450280e+00]
  [  2.97207580e-01   4.43595733e-01   2.02304844e-01  -4.63187302e-01
     8.14726181e+01  -1.88385496e+00  -6.95970155e-01   1.46227550e+00]
  [  7.77324728e-01  -4.21427509e-01  -5.08832701e-01   1.15493364e+00
    -1.88385496e+00   8.01130772e+01  -4.68307896e-01   3.08125272e+00]
  [ -1.34911948e+00  -2.10119575e-01  -1.34379100e+00   5.18307079e-01
    -6.95970155e-01  -4.68307896e-01   9.41171301e+01  -1.72265968e+00]
  [  1.15742109e-01   9.37595130e+00  -2.12463103e+00   1.11450280e+00
     1.46227550e+00   3.08125272e+00  -1.72265968e+00   6.73232704e+01]]

 [[  9.95375197e+01   1.41853824e-01   3.40511421e-01   1.04695412e-01
    -2.31057392e-02  -4.80420036e-02   4.37816991e-01  -4.14079649e-02]
  [  1.41853824e-01   9.91601807e+01  -3.12137310e-02   4.42613727e-03
     3.25649849e-02  -4.88992243e-02   8.94390691e-02   2.54764433e-03]
  [  3.40511421e-01  -3.12137310e-02   9.91202378e+01   7.89112706e-02
     1.16079398e-02  -6.57847125e-02   3.26358285e-02  -3.27311908e-02]
  [  1.04695412e-01   4.42613727e-03   7.89112706e-02   9.92653634e+01
    -4.13044840e-02  -1.69870380e-01  -7.92182636e-02   1.49858272e-02]
  [ -2.31057392e-02   3.25649849e-02   1.16079398e-02  -4.13044840e-02
     9.90802806e+01  -3.13613006e-02  -2.24519525e-02   9.02004045e-03]
  [ -4.80420036e-02  -4.88992243e-02  -6.57847125e-02  -1.69870380e-01
    -3.13613006e-02   9.90699466e+01   1.37128506e-01   1.14602096e-01]
  [  4.37816991e-01   8.94390691e-02   3.26358285e-02  -7.92182636e-02
    -2.24519525e-02   1.37128506e-01   9.82509141e+01   1.29760189e-01]
  [ -4.14079649e-02   2.54764433e-03  -3.27311908e-02   1.49858272e-02
     9.02004045e-03   1.14602096e-01   1.29760189e-01   9.92340993e+01]]]

Lambda = ~ Wishart(n, A)
  n =
[ 1421.43188041  1396.68865821   511.23714743  4376.95373609  1252.76607919
   515.33924103  1144.20656057   516.75019319  2939.05215557  1365.57434829]
  A =
[[[  4.09213642e-11   7.10400800e-12   2.89378650e-11   5.02747989e-11
    -6.64773936e-12  -2.05474028e-11  -8.47662540e-12   7.29032218e-12]
  [  7.10400800e-12   3.65852456e-11   1.22928800e-11   1.41974252e-11
    -1.32065382e-12  -1.92185879e-12  -3.43855890e-12   2.74030630e-12]
  [  2.89378650e-11   1.22928800e-11   6.89618424e-11   5.12521428e-11
    -1.03699782e-12  -2.19041993e-11  -4.12137657e-12   2.30157301e-12]
  [  5.02747989e-11   1.41974252e-11   5.12521428e-11   1.00558466e-10
    -4.36571231e-12  -1.88208848e-11  -3.52303488e-12   7.72004191e-12]
  [ -6.64773936e-12  -1.32065382e-12  -1.03699782e-12  -4.36571231e-12
     5.75001279e-11   2.25054148e-12   4.39396201e-12  -6.29639185e-13]
  [ -2.05474028e-11  -1.92185879e-12  -2.19041993e-11  -1.88208848e-11
     2.25054148e-12   6.02914874e-11   4.10883976e-12   4.66703529e-12]
  [ -8.47662540e-12  -3.43855890e-12  -4.12137657e-12  -3.52303488e-12
     4.39396201e-12   4.10883976e-12   4.37431881e-11   1.19014944e-12]
  [  7.29032218e-12   2.74030630e-12   2.30157301e-12   7.72004191e-12
    -6.29639185e-13   4.66703529e-12   1.19014944e-12   6.14230244e-11]]

 [[  1.21189481e-11   2.00201056e-12   1.19155478e-11  -1.39538583e-11
     6.36776705e-13   6.38992815e-12   1.43010632e-13   3.15453474e-12]
  [  2.00201056e-12   1.53979459e-11   4.49643110e-12  -8.56203683e-13
     6.18302680e-13  -2.97345632e-13  -5.04335725e-13   1.33273347e-12]
  [  1.19155478e-11   4.49643110e-12   3.99102382e-11  -1.43103688e-11
    -5.00508832e-13   7.64727031e-12   6.29374842e-12   3.13579028e-12]
  [ -1.39538583e-11  -8.56203683e-13  -1.43103688e-11   8.19479558e-11
    -1.92954147e-12  -2.50907678e-11  -5.69996201e-12  -8.61842709e-13]
  [  6.36776705e-13   6.18302680e-13  -5.00508832e-13  -1.92954147e-12
     4.26782418e-11   1.48790465e-12   1.07092530e-12   4.14464496e-13]
  [  6.38992815e-12  -2.97345632e-13   7.64727031e-12  -2.50907678e-11
     1.48790465e-12   5.71034288e-11   6.19569468e-12   2.56884664e-12]
  [  1.43010632e-13  -5.04335725e-13   6.29374842e-12  -5.69996201e-12
     1.07092530e-12   6.19569468e-12   1.86462151e-11  -1.17221176e-12]
  [  3.15453474e-12   1.33273347e-12   3.13579028e-12  -8.61842709e-13
     4.14464496e-13   2.56884664e-12  -1.17221176e-12   3.73943293e-11]]

 [[  3.50695729e-10  -6.08871143e-11   7.11789665e-11  -1.35608947e-10
     9.61527733e-11  -2.92063611e-11   1.60895245e-10   1.94434331e-11]
  [ -6.08871143e-11   6.10030316e-10  -7.15206076e-11  -1.39397597e-10
    -3.17568281e-10   4.15147233e-11  -1.02459469e-10  -3.08384765e-10]
  [  7.11789665e-11  -7.15206076e-11   2.97755904e-10  -1.34428052e-10
    -4.61028883e-11   9.66346833e-11   1.47453975e-10   1.05250881e-10]
  [ -1.35608947e-10  -1.39397597e-10  -1.34428052e-10   4.49978016e-10
     1.23653239e-10  -9.08216700e-11  -5.01806391e-13   1.15535038e-10]
  [  9.61527733e-11  -3.17568281e-10  -4.61028883e-11   1.23653239e-10
     7.65098240e-10  -1.27059097e-10   5.45965150e-12   1.44504668e-10]
  [ -2.92063611e-11   4.15147233e-11   9.66346833e-11  -9.08216700e-11
    -1.27059097e-10   4.38687489e-10  -1.17460017e-10  -7.78910866e-11]
  [  1.60895245e-10  -1.02459469e-10   1.47453975e-10  -5.01806391e-13
     5.45965150e-12  -1.17460017e-10   3.42146440e-10   2.08346401e-10]
  [  1.94434331e-11  -3.08384765e-10   1.05250881e-10   1.15535038e-10
     1.44504668e-10  -7.78910866e-11   2.08346401e-10   8.35660269e-10]]

 [[  2.37598020e-11   1.05752884e-12  -9.18947466e-13   1.48883170e-12
    -1.63789012e-12  -8.15181832e-13   2.98111050e-12  -3.50629946e-13]
  [  1.05752884e-12   3.21720227e-11   1.13158603e-12   8.39909347e-13
    -6.55803334e-13   4.17774379e-13   2.31506080e-12  -4.05794811e-12]
  [ -9.18947466e-13   1.13158603e-12   3.27908258e-11   4.13849522e-12
    -6.97447551e-13  -1.91930684e-12   4.17595375e-12   1.20172144e-12]
  [  1.48883170e-12   8.39909347e-13   4.13849522e-12   4.56144826e-11
     8.45841685e-13   9.10209412e-13  -2.43591075e-12  -2.88878967e-12]
  [ -1.63789012e-12  -6.55803334e-13  -6.97447551e-13   8.45841685e-13
     4.27840754e-11   3.24106479e-12   1.90639634e-12  -1.59551743e-12]
  [ -8.15181832e-13   4.17774379e-13  -1.91930684e-12   9.10209412e-13
     3.24106479e-12   5.03157810e-11   3.31847888e-12  -6.03408206e-12]
  [  2.98111050e-12   2.31506080e-12   4.17595375e-12  -2.43591075e-12
     1.90639634e-12   3.31847888e-12   6.90303895e-12   1.63429827e-12]
  [ -3.50629946e-13  -4.05794811e-12   1.20172144e-12  -2.88878967e-12
    -1.59551743e-12  -6.03408206e-12   1.63429827e-12   3.73174897e-11]]

 [[  7.76851146e-11   4.82806938e-11   8.50915209e-13  -9.17059564e-13
     9.18436997e-12  -2.50178359e-11   7.52057113e-12  -7.01511468e-11]
  [  4.82806938e-11   7.70565297e-11  -2.66639534e-11  -2.40685582e-12
     4.90971850e-12  -1.29342724e-11  -1.94221525e-11  -9.13481150e-11]
  [  8.50915209e-13  -2.66639534e-11   1.19935907e-10   1.32766881e-11
    -1.23661801e-13  -1.26543827e-11   6.37758713e-12   1.48461598e-11]
  [ -9.17059564e-13  -2.40685582e-12   1.32766881e-11   1.84431535e-10
    -1.44006177e-12  -6.23083090e-11  -7.96596517e-12   1.66578457e-11]
  [  9.18436997e-12   4.90971850e-12  -1.23661801e-13  -1.44006177e-12
     1.36333309e-10  -2.00177552e-11   2.25911271e-12   2.26360512e-11]
  [ -2.50178359e-11  -1.29342724e-11  -1.26543827e-11  -6.23083090e-11
    -2.00177552e-11   1.26665071e-10   1.41173970e-11   4.68526299e-11]
  [  7.52057113e-12  -1.94221525e-11   6.37758713e-12  -7.96596517e-12
     2.25911271e-12   1.41173970e-11   1.11884812e-10   4.47800206e-11]
  [ -7.01511468e-11  -9.13481150e-11   1.48461598e-11   1.66578457e-11
     2.26360512e-11   4.68526299e-11   4.47800206e-11   3.63767204e-10]]

 [[  3.34380912e-10   1.26449667e-10  -1.18742485e-10   8.46893117e-13
    -8.63418066e-11   8.59473545e-11   2.56257966e-10  -4.80273512e-10]
  [  1.26449667e-10   6.27462935e-10  -1.52996483e-11   7.04506117e-11
    -1.42502186e-10   1.77440172e-10  -5.58321124e-10  -1.16721751e-09]
  [ -1.18742485e-10  -1.52996483e-11   1.82564896e-10  -1.90860727e-11
     4.96022684e-11  -1.98183026e-12  -5.85097471e-11   1.00558712e-10]
  [  8.46893117e-13   7.04506117e-11  -1.90860727e-11   2.45166431e-10
    -1.15654622e-10   8.45835733e-11  -2.84249454e-10  -2.14241524e-10]
  [ -8.63418066e-11  -1.42502186e-10   4.96022684e-11  -1.15654622e-10
     5.81924600e-10  -1.63593938e-10   4.67191051e-10   3.70297823e-10]
  [  8.59473545e-11   1.77440172e-10  -1.98183026e-12   8.45835733e-11
    -1.63593938e-10   3.85776157e-10  -5.14441336e-10  -4.30721700e-10]
  [  2.56257966e-10  -5.58321124e-10  -5.85097471e-11  -2.84249454e-10
     4.67191051e-10  -5.14441336e-10   2.68725889e-09   8.96545300e-10]
  [ -4.80273512e-10  -1.16721751e-09   1.00558712e-10  -2.14241524e-10
     3.70297823e-10  -4.30721700e-10   8.96545300e-10   4.15333763e-09]]

 [[  1.07485258e-10  -4.24654221e-11   1.53894492e-11  -9.11517721e-12
    -4.62505597e-12   1.74835942e-11   5.11134490e-11   1.25467960e-10]
  [ -4.24654221e-11   8.99673525e-11   1.79399480e-11  -9.39325957e-12
    -2.04034987e-12   1.73339193e-12   1.83254281e-11  -7.65130447e-11]
  [  1.53894492e-11   1.79399480e-11   1.00037320e-10  -2.44693500e-11
    -4.80137098e-12   4.78007468e-12   4.52988490e-12   2.67649164e-11]
  [ -9.11517721e-12  -9.39325957e-12  -2.44693500e-11   1.95166098e-10
     2.36907690e-11   2.37803822e-11  -1.51953766e-11  -2.40647197e-13]
  [ -4.62505597e-12  -2.04034987e-12  -4.80137098e-12   2.36907690e-11
     1.11439496e-10   5.97268937e-11  -1.76371934e-12   9.60134591e-13]
  [  1.74835942e-11   1.73339193e-12   4.78007468e-12   2.37803822e-11
     5.97268937e-11   2.45704935e-10   4.23805794e-11  -3.23896638e-11]
  [  5.11134490e-11   1.83254281e-11   4.52988490e-12  -1.51953766e-11
    -1.76371934e-12   4.23805794e-11   1.74700909e-10   1.77818211e-11]
  [  1.25467960e-10  -7.65130447e-11   2.67649164e-11  -2.40647197e-13
     9.60134591e-13  -3.23896638e-11   1.77818211e-11   7.56439061e-10]]

 [[  2.46061308e-10  -7.93829615e-11  -6.35965792e-11  -1.99933284e-11
    -1.15174437e-10   1.16056521e-10  -7.54801289e-11  -1.95703980e-10]
  [ -7.93829615e-11   4.32644780e-10  -2.66859688e-10   1.02827871e-10
     1.91563362e-10   1.05928932e-11  -2.82219719e-11  -2.73572337e-10]
  [ -6.35965792e-11  -2.66859688e-10   1.46546564e-09   1.64330466e-10
    -8.28199032e-11  -4.58687271e-10   1.45898009e-10   2.31082577e-10]
  [ -1.99933284e-11   1.02827871e-10   1.64330466e-10   1.34896285e-09
    -1.84172764e-10  -6.19406243e-10  -1.35434309e-10  -3.33114147e-12]
  [ -1.15174437e-10   1.91563362e-10  -8.28199032e-11  -1.84172764e-10
     1.67735144e-09  -2.71632430e-10   9.23401300e-11  -1.60453880e-10]
  [  1.16056521e-10   1.05928932e-11  -4.58687271e-10  -6.19406243e-10
    -2.71632430e-10   9.71030575e-10  -7.14104004e-12  -2.49938243e-10]
  [ -7.54801289e-11  -2.82219719e-11   1.45898009e-10  -1.35434309e-10
     9.23401300e-11  -7.14104004e-12   9.39220540e-11   1.79335160e-10]
  [ -1.95703980e-10  -2.73572337e-10   2.31082577e-10  -3.33114147e-12
    -1.60453880e-10  -2.49938243e-10   1.79335160e-10   1.20253329e-09]]

 [[  1.76867532e-11   3.83334180e-12  -1.22258760e-11   1.50125944e-11
    -4.28196703e-12  -1.17408783e-11   1.64626228e-11  -2.00391087e-12]
  [  3.83334180e-12   2.78554151e-10  -3.20446815e-11  -6.39438675e-12
    -3.93058166e-12   1.48687679e-11  -8.05752439e-13  -2.01927443e-10]
  [ -1.22258760e-11  -3.20446815e-11   2.08050182e-10  -4.41098478e-11
    -3.69775297e-12   7.68461655e-12   2.05270679e-11   4.85965242e-11]
  [  1.50125944e-11  -6.39438675e-12  -4.41098478e-11   2.93263705e-10
     8.15007602e-12  -2.05070218e-11  -8.85603760e-12  -2.40480736e-11]
  [ -4.28196703e-12  -3.93058166e-12  -3.69775297e-12   8.15007602e-12
     2.64658189e-10   3.47778348e-11   9.95343325e-12  -3.19671935e-11]
  [ -1.17408783e-11   1.48687679e-11   7.68461655e-12  -2.05070218e-11
     3.47778348e-11   2.91962297e-10   6.16793307e-12  -6.89310761e-11]
  [  1.64626228e-11  -8.05752439e-13   2.05270679e-11  -8.85603760e-12
     9.95343325e-12   6.16793307e-12   7.36337098e-11   3.20593386e-11]
  [ -2.00391087e-12  -2.01927443e-10   4.85965242e-11  -2.40480736e-11
    -3.19671935e-11  -6.89310761e-11   3.20593386e-11   5.97329727e-10]]

 [[  2.51120360e-11  -7.70506563e-12  -1.83770558e-11  -5.83621094e-12
     1.32236921e-12   2.59430315e-12  -2.40783110e-11   2.29043513e-12]
  [ -7.70506563e-12   4.56161492e-11   1.80633180e-12  -1.93489857e-13
    -1.77765939e-12   2.69088487e-12  -5.01045880e-12  -5.97285801e-14]
  [ -1.83770558e-11   1.80633180e-12   4.78959349e-11  -4.42430186e-12
    -7.49413353e-13   3.68143990e-12  -1.84824552e-12   1.79884338e-12]
  [ -5.83621094e-12  -1.93489857e-13  -4.42430186e-12   4.03110682e-11
     2.28442907e-12   9.22394886e-12   4.48159316e-12  -8.24469832e-13]
  [  1.32236921e-12  -1.77765939e-12  -7.49413353e-13   2.28442907e-12
     5.02393512e-11   1.73926950e-12   1.24744252e-12  -5.15540002e-13]
  [  2.59430315e-12   2.69088487e-12   3.68143990e-12   9.22394886e-12
     1.73926950e-12   5.08233166e-11  -7.46606915e-12  -6.25240367e-12]
  [ -2.40783110e-11  -5.01045880e-12  -1.84824552e-12   4.48159316e-12
     1.24744252e-12  -7.46606915e-12   9.62833470e-11  -7.26324530e-12]
  [  2.29043513e-12  -5.97285801e-14   1.79884338e-12  -8.24469832e-13
    -5.15540002e-13  -6.25240367e-12  -7.26324530e-12   4.18390585e-11]]]
alpha =  ~ Dirichlet(alpha)
  alpha =
[ 1413.44188041  1388.69865821   503.24714743  4368.96373609  1244.77607919
   507.34924103  1136.21656057   508.76019319  2931.06215557  1357.58434829]