mu =  ~ Gaussian(mu, Cov)
  mu = 
[[  1.64204494e+01   1.39314730e+00   5.86517918e+00  -9.94088372e+00
    2.28314335e+00   5.86493033e+00   1.16624999e+01   1.84083225e+00]
 [ -1.05172134e+01  -8.90012487e-01  -1.05467033e+01   1.48536775e+00
    1.04698895e+00  -7.00860100e-01  -7.62563967e-01   9.02028138e-01]
 [  4.26630362e+01   5.93709675e+00   5.87546038e-01   9.06396307e+00
   -3.89285246e+00  -1.08745916e+01   1.36642967e+01   4.47693810e+00]
 [ -7.01505643e+00   9.39000912e+00   2.14084697e+00   2.16919554e+00
   -5.49386802e+00  -6.00521602e-01   1.94963411e+00  -3.37208286e-01]
 [  4.14901116e+01   3.43698812e+00   6.84068969e-02  -3.22004105e+00
   -3.82440007e+00  -1.14557260e+00   1.94152692e+00   3.55278307e+00]
 [ -1.07659736e-01  -2.56768808e-01  -2.07149034e+00   3.07590749e-01
   -2.82056519e+00   2.09454242e+00  -3.75570019e-02  -8.88762480e-01]
 [ -4.04329611e+00  -3.83924442e+00   3.18415015e+00  -4.89077067e-01
   -4.25032347e-01  -3.45604915e-01   1.29372115e+00   1.57503511e+00]
 [  3.80638914e+01  -6.18082008e-01   3.48303749e+00  -2.89787686e+00
   -1.84040120e-01   1.75514147e+00   2.14998572e+00  -3.00721446e-01]
 [  3.44795671e+00   1.36794103e-01   1.31221677e+00  -6.72166201e-01
   -1.17397669e+00  -1.02341703e+00  -1.29522735e-01   1.17613167e+00]
 [  1.57452995e+01  -5.25721514e+00   3.88898925e-01  -3.79316207e+00
   -6.10163824e-01  -1.28494667e+00   9.52834844e+00  -2.64030278e+00]]
  Cov = 
[[[  9.73554303e+01  -1.65631765e-01   2.84203409e-01  -2.10667102e-01
    -9.27274098e-02   2.50936567e-01   1.92829480e-01   2.36374990e-01]
  [ -1.65631765e-01   9.77251391e+01  -5.35757353e-02   4.16488247e-01
     3.40223683e-02   2.75160671e-01   2.88771471e-02   1.31884198e+00]
  [  2.84203409e-01  -5.35757353e-02   9.73755797e+01   1.20191049e+00
     2.69248379e-01  -4.75834761e-01  -1.76164456e-01  -1.63813900e-01]
  [ -2.10667102e-01   4.16488247e-01   1.20191049e+00   9.50821333e+01
    -1.40924681e-01   8.77034670e-01  -1.88334192e-01  -2.37104528e-01]
  [ -9.27274098e-02   3.40223683e-02   2.69248379e-01  -1.40924681e-01
     9.68367565e+01  -1.55900834e-01   2.54202537e-01   1.12913930e-01]
  [  2.50936567e-01   2.75160671e-01  -4.75834761e-01   8.77034670e-01
    -1.55900834e-01   9.52999833e+01   1.75990731e-01   3.95643644e-01]
  [  1.92829480e-01   2.88771471e-02  -1.76164456e-01  -1.88334192e-01
     2.54202537e-01   1.75990731e-01   9.86198298e+01   1.52778685e-01]
  [  2.36374990e-01   1.31884198e+00  -1.63813900e-01  -2.37104528e-01
     1.12913930e-01   3.95643644e-01   1.52778685e-01   9.07438120e+01]]

 [[  9.93471939e+01   1.39918268e-01   4.66269282e-01  -2.28357604e-02
    -5.60146060e-02  -7.20599031e-02   4.49980232e-02   7.50683209e-02]
  [  1.39918268e-01   9.87995984e+01  -2.36402525e-02   7.65904378e-02
    -2.95260265e-02   8.59503519e-02  -5.27569356e-02   1.09320608e-01]
  [  4.66269282e-01  -2.36402525e-02   9.88614659e+01   7.97437501e-02
     9.47852257e-02   3.01725298e-03  -1.52744388e-01  -2.05611247e-02]
  [ -2.28357604e-02   7.65904378e-02   7.97437501e-02   9.89464920e+01
    -1.10314395e-02  -4.04769027e-01   1.41616666e-02  -2.46490735e-02]
  [ -5.60146060e-02  -2.95260265e-02   9.47852257e-02  -1.10314395e-02
     9.84929975e+01  -2.07244195e-02  -7.51450551e-02  -1.64986822e-02]
  [ -7.20599031e-02   8.59503519e-02   3.01725298e-03  -4.04769027e-01
    -2.07244195e-02   9.84022716e+01  -9.51297067e-02   6.33827720e-02]
  [  4.49980232e-02  -5.27569356e-02  -1.52744388e-01   1.41616666e-02
    -7.51450551e-02  -9.51297067e-02   9.97863118e+01  -3.04021452e-02]
  [  7.50683209e-02   1.09320608e-01  -2.05611247e-02  -2.46490735e-02
    -1.64986822e-02   6.33827720e-02  -3.04021452e-02   9.89155905e+01]]

 [[  9.74357225e+01   5.80011976e-01  -1.73230497e-01   2.60521983e-01
     1.37891302e-01  -3.02766229e-01  -3.31999325e-01   5.65107207e-02]
  [  5.80011976e-01   9.47528372e+01   1.20222841e+00  -2.53221116e-01
    -4.26873096e-01  -1.66813515e-01  -2.52605937e-03   3.90479094e+00]
  [ -1.73230497e-01   1.20222841e+00   9.40334917e+01  -1.31943825e+00
     2.45106050e-01   9.52958443e-01  -7.96649817e-01  -9.76482114e-01]
  [  2.60521983e-01  -2.53221116e-01  -1.31943825e+00   9.36990880e+01
     1.40469367e-02   1.86540030e-01   2.97994385e-01  -1.67121842e-01]
  [  1.37891302e-01  -4.26873096e-01   2.45106050e-01   1.40469367e-02
     9.15258104e+01   6.55808197e-01  -5.71878111e-01   4.61670955e-01]
  [ -3.02766229e-01  -1.66813515e-01   9.52958443e-01   1.86540030e-01
     6.55808197e-01   9.36718925e+01  -5.34584250e-01   4.92411215e-01]
  [ -3.31999325e-01  -2.52605937e-03  -7.96649817e-01   2.97994385e-01
    -5.71878111e-01  -5.34584250e-01   9.54818296e+01  -5.93442626e-01]
  [  5.65107207e-02   3.90479094e+00  -9.76482114e-01  -1.67121842e-01
     4.61670955e-01   4.92411215e-01  -5.93442626e-01   8.67814243e+01]]

 [[  9.90181517e+01  -4.55633817e-01  -2.49874765e-01  -2.02287754e-02
     4.05218174e-01  -2.23579343e-02   1.47606874e-02   2.27956523e-01]
  [ -4.55633817e-01   9.92541954e+01   2.32288971e-01   1.08988283e-02
     1.66976110e-01  -5.32796010e-02   2.78619938e-02   1.99567574e-01]
  [ -2.49874765e-01   2.32288971e-01   9.82628958e+01  -1.90958583e-01
    -1.56301514e-01   2.13324715e-01  -1.68690405e-01  -3.72649809e-02]
  [ -2.02287754e-02   1.08988283e-02  -1.90958583e-01   9.71843317e+01
     1.90228200e-01   5.64531232e-01   1.43685390e-01  -2.74031918e-02]
  [  4.05218174e-01   1.66976110e-01  -1.56301514e-01   1.90228200e-01
     9.80235469e+01   4.81162730e-02  -1.61023253e-01  -1.41974478e-01]
  [ -2.23579343e-02  -5.32796010e-02   2.13324715e-01   5.64531232e-01
     4.81162730e-02   9.80270698e+01  -1.80725931e-01  -3.00691152e-01]
  [  1.47606874e-02   2.78619938e-02  -1.68690405e-01   1.43685390e-01
    -1.61023253e-01  -1.80725931e-01   9.96718469e+01  -1.04203094e-01]
  [  2.27956523e-01   1.99567574e-01  -3.72649809e-02  -2.74031918e-02
    -1.41974478e-01  -3.00691152e-01  -1.04203094e-01   9.84810124e+01]]

 [[  9.89483195e+01   1.91053569e-01   3.52409370e-01  -4.63439312e-01
     8.99112498e-03   1.24755041e-02  -5.26894166e-03   3.81513830e-01]
  [  1.91053569e-01   9.19040823e+01   1.74420419e-01  -2.82935478e-01
     4.39312806e-02   1.68901457e-01  -2.15119634e-01   1.41382963e+00]
  [  3.52409370e-01   1.74420419e-01   9.01472555e+01   6.63109464e-01
    -7.44886462e-01  -2.13174640e-01  -1.11895837e+00   5.20952658e-02]
  [ -4.63439312e-01  -2.82935478e-01   6.63109464e-01   8.55423539e+01
     1.72645936e-01  -9.21008535e-02   6.18382591e-01   9.65982092e-01]
  [  8.99112498e-03   4.39312806e-02  -7.44886462e-01   1.72645936e-01
     8.88551053e+01  -9.47123743e-01  -7.01681936e-01   6.38089015e-01]
  [  1.24755041e-02   1.68901457e-01  -2.13174640e-01  -9.21008535e-02
    -9.47123743e-01   8.54680013e+01  -1.44002735e+00   1.09127926e+00]
  [ -5.26894166e-03  -2.15119634e-01  -1.11895837e+00   6.18382591e-01
    -7.01681936e-01  -1.44002735e+00   9.92296180e+01  -4.48661964e-01]
  [  3.81513830e-01   1.41382963e+00   5.20952658e-02   9.65982092e-01
     6.38089015e-01   1.09127926e+00  -4.48661964e-01   8.98888348e+01]]

 [[  9.95337710e+01   1.56454885e-01   4.09382831e-01   1.27165913e-02
    -1.11882212e-01  -3.32161151e-01   3.19340373e-01   9.71534503e-02]
  [  1.56454885e-01   9.83759464e+01  -2.68166083e+00   8.42578482e-02
    -3.23407649e+00   3.38693431e+00  -8.96696849e-02  -1.36905271e+00]
  [  4.09382831e-01  -2.68166083e+00   9.11907756e+01  -5.67525070e-02
    -9.81992742e+00   9.52962266e+00  -9.80800979e-01  -3.68649934e+00]
  [  1.27165913e-02   8.42578482e-02  -5.67525070e-02   9.96887408e+01
     3.16982743e-01  -4.29288644e-02   5.34451861e-02   1.08777020e-01]
  [ -1.11882212e-01  -3.23407649e+00  -9.81992742e+00   3.16982743e-01
     8.55546279e+01   1.26643450e+01  -1.10593837e+00  -4.21145145e+00]
  [ -3.32161151e-01   3.38693431e+00   9.52962266e+00  -4.29288644e-02
     1.26643450e+01   8.80380851e+01   1.14991919e+00   4.01739481e+00]
  [  3.19340373e-01  -8.96696849e-02  -9.80800979e-01   5.34451861e-02
    -1.10593837e+00   1.14991919e+00   9.95524103e+01  -2.80558114e-01]
  [  9.71534503e-02  -1.36905271e+00  -3.68649934e+00   1.08777020e-01
    -4.21145145e+00   4.01739481e+00  -2.80558114e-01   9.82947305e+01]]

 [[  9.95165874e+01   2.14873283e-01  -2.38360333e-01   1.09429299e-01
    -8.54778742e-02  -9.89143100e-03  -5.74143696e-02  -5.26857650e-02]
  [  2.14873283e-01   9.93388918e+01  -1.98491530e-01   7.03370255e-03
     8.14071485e-02  -1.66483715e-02   3.33882707e-03   1.22957026e-02]
  [ -2.38360333e-01  -1.98491530e-01   9.92641114e+01   8.61528110e-02
    -3.23323890e-02  -1.20802385e-01  -8.89704938e-02  -4.56735945e-02]
  [  1.09429299e-01   7.03370255e-03   8.61528110e-02   9.86800604e+01
    -7.48311817e-02   1.52212967e-01   6.36996270e-02   1.52530119e-01]
  [ -8.54778742e-02   8.14071485e-02  -3.23323890e-02  -7.48311817e-02
     9.93757525e+01  -1.90030576e-01  -2.90994554e-02   6.26178910e-02]
  [ -9.89143100e-03  -1.66483715e-02  -1.20802385e-01   1.52212967e-01
    -1.90030576e-01   9.87290580e+01  -1.25540007e-01  -1.91898136e-02]
  [ -5.74143696e-02   3.33882707e-03  -8.89704938e-02   6.36996270e-02
    -2.90994554e-02  -1.25540007e-01   9.98083908e+01  -1.12945781e-01]
  [ -5.26857650e-02   1.22957026e-02  -4.56735945e-02   1.52530119e-01
     6.26178910e-02  -1.91898136e-02  -1.12945781e-01   9.89720151e+01]]

 [[  9.85848252e+01   2.91754652e-01   1.16535754e+00  -9.74554383e-01
     6.22047313e-01   6.44263866e-01  -2.05995568e+00  -6.59036029e-01]
  [  2.91754652e-01   7.89619889e+01   1.42107163e+00   4.68707215e-01
    -9.51933913e-01   3.66200669e-01   8.04154518e-02   1.37805530e+01]
  [  1.16535754e+00   1.42107163e+00   8.13182282e+01   2.06609816e-01
     9.74597673e-01   7.92158065e-01  -2.35515996e+00  -2.71814637e+00]
  [ -9.74554383e-01   4.68707215e-01   2.06609816e-01   7.36872111e+01
     2.04949117e-02   3.48278105e+00   1.07382461e+00  -8.46190220e-01]
  [  6.22047313e-01  -9.51933913e-01   9.74597673e-01   2.04949117e-02
     7.72799251e+01  -8.57456882e-01   1.13872871e-01   2.19917384e+00]
  [  6.44263866e-01   3.66200669e-01   7.92158065e-01   3.48278105e+00
    -8.57456882e-01   7.57926003e+01  -1.15200673e+00   4.16157538e+00]
  [ -2.05995568e+00   8.04154518e-02  -2.35515996e+00   1.07382461e+00
     1.13872871e-01  -1.15200673e+00   9.14113944e+01  -2.63795332e+00]
  [ -6.59036029e-01   1.37805530e+01  -2.71814637e+00  -8.46190220e-01
     2.19917384e+00   4.16157538e+00  -2.63795332e+00   5.48862561e+01]]

 [[  9.98312475e+01   2.40027146e-01   6.16334690e-01  -1.27650325e-01
    -1.20341513e-01   1.09523702e-01   1.93345678e-01   5.01928822e-02]
  [  2.40027146e-01   9.38948067e+01   9.89602984e-01   2.19496591e-01
     3.50345855e-01  -3.42909792e+00  -6.34762286e-01   2.98488756e+00]
  [  6.16334690e-01   9.89602984e-01   9.25345390e+01  -1.68749059e+00
     5.68405031e-01   1.57660532e+00  -4.26830077e-01  -9.02938030e-01]
  [ -1.27650325e-01   2.19496591e-01  -1.68749059e+00   8.91992180e+01
     7.11511326e-01   7.45128863e+00   8.67660885e-01  -1.63171827e+00]
  [ -1.20341513e-01   3.50345855e-01   5.68405031e-01   7.11511326e-01
     9.72839048e+01   1.36596255e-03   1.35721976e-01   1.64346643e-01]
  [  1.09523702e-01  -3.42909792e+00   1.57660532e+00   7.45128863e+00
     1.36596255e-03   9.07949821e+01  -1.02418923e+00   2.36397632e+00]
  [  1.93345678e-01  -6.34762286e-01  -4.26830077e-01   8.67660885e-01
     1.35721976e-01  -1.02418923e+00   9.95018048e+01  -1.70671706e-02]
  [  5.01928822e-02   2.98488756e+00  -9.02938030e-01  -1.63171827e+00
     1.64346643e-01   2.36397632e+00  -1.70671706e-02   9.22737063e+01]]

 [[  9.90674733e+01  -1.18381973e+00  -1.91523504e-01  -2.48047257e-01
     7.56327708e-02  -9.44960900e-02  -3.95340502e-01   2.54623675e-01]
  [ -1.18381973e+00   9.33099153e+01  -1.47697144e+00   1.38394059e+00
     5.84303891e-01  -6.40634759e-01   5.29278373e-01   6.26681527e+00]
  [ -1.91523504e-01  -1.47697144e+00   9.71784866e+01   1.14104063e+00
    -1.42671976e-02  -8.66360352e-01   6.50233409e-01  -1.14007959e+00]
  [ -2.48047257e-01   1.38394059e+00   1.14104063e+00   9.36029169e+01
    -1.53575107e+00  -1.72298948e+00  -1.27148107e+00  -7.32055754e-02]
  [  7.56327708e-02   5.84303891e-01  -1.42671976e-02  -1.53575107e+00
     9.69863025e+01  -2.23148142e+00  -2.72246334e-01   2.95524986e-02]
  [ -9.44960900e-02  -6.40634759e-01  -8.66360352e-01  -1.72298948e+00
    -2.23148142e+00   9.33717562e+01  -4.99291142e-01   9.96822267e-01]
  [ -3.95340502e-01   5.29278373e-01   6.50233409e-01  -1.27148107e+00
    -2.72246334e-01  -4.99291142e-01   9.48576339e+01  -1.15977696e+00]
  [  2.54623675e-01   6.26681527e+00  -1.14007959e+00  -7.32055754e-02
     2.95524986e-02   9.96822267e-01  -1.15977696e+00   8.29133895e+01]]]

Lambda = ~ Wishart(n, A)
  n =
[ 2128.95726208  1577.44369597  2887.59446715  1644.05433059  2668.10089263
    16.27751266   859.80770535  2468.12025226   277.12840569   912.5154756 ]
  A =
[[[  6.11587928e-11   4.05660021e-12  -6.52916187e-12   4.99925849e-12
     2.19571182e-12  -6.15080052e-12  -4.46216314e-12  -6.10085422e-12]
  [  4.05660021e-12   5.23683886e-11   1.30120342e-12  -9.93293145e-12
    -8.45791937e-13  -6.35479926e-12  -7.75984559e-13  -3.20881952e-11]
  [ -6.52916187e-12   1.30120342e-12   6.06987950e-11  -2.88044802e-11
    -6.12886854e-12   1.16502630e-11   4.00161955e-12   3.87051095e-12]
  [  4.99925849e-12  -9.93293145e-12  -2.88044802e-11   1.16396742e-10
     3.27963959e-12  -2.16834753e-11   4.42101577e-12   6.05155963e-12]
  [  2.19571182e-12  -8.45791937e-13  -6.12886854e-12   3.27963959e-12
     7.31498319e-11   3.69454077e-12  -5.72142021e-12  -2.88890877e-12]
  [ -6.15080052e-12  -6.35479926e-12   1.16502630e-11  -2.16834753e-11
     3.69454077e-12   1.11190940e-10  -3.97054012e-12  -9.69935455e-12]
  [ -4.46216314e-12  -7.75984559e-13   4.00161955e-12   4.42101577e-12
    -5.72142021e-12  -3.97054012e-12   3.11201238e-11  -3.36790387e-12]
  [ -6.10085422e-12  -3.20881952e-11   3.87051095e-12   6.05155963e-12
    -2.88890877e-12  -9.69935455e-12  -3.36790387e-12   2.23343099e-10]]

 [[  2.70418183e-11  -5.73027167e-12  -1.94224310e-11   9.62025795e-13
     2.24116197e-12   2.98694083e-12  -1.87980172e-12  -3.16002758e-12]
  [ -5.73027167e-12   4.96447650e-11   9.56017252e-13  -3.16365576e-12
     1.27433453e-12  -3.56758426e-12   2.20300852e-12  -4.58519345e-12]
  [ -1.94224310e-11   9.56017252e-13   4.73258677e-11  -3.31822537e-12
    -3.89822917e-12  -1.40755371e-13   6.33950150e-12   8.93611133e-13]
  [  9.62025795e-13  -3.16365576e-12  -3.31822537e-12   4.37994123e-11
     4.54792597e-13   1.70206615e-11  -5.87103865e-13   1.00590763e-12]
  [  2.24116197e-12   1.27433453e-12  -3.89822917e-12   4.54792597e-13
     6.27149084e-11   8.57876703e-13   3.13862639e-12   6.73037187e-13]
  [  2.98694083e-12  -3.56758426e-12  -1.40755371e-13   1.70206615e-11
     8.57876703e-13   6.66459307e-11   3.97848319e-12  -2.65870214e-12]
  [ -1.87980172e-12   2.20300852e-12   6.33950150e-12  -5.87103865e-13
     3.13862639e-12   3.97848319e-12   8.75531734e-12   1.27091099e-12]
  [ -3.16002758e-12  -4.58519345e-12   8.93611133e-13   1.00590763e-12
     6.73037187e-13  -2.65870214e-12   1.27091099e-12   4.49760386e-11]]

 [[  3.15356985e-11  -7.76071051e-12   2.33130867e-12  -3.46051518e-12
    -2.01949882e-12   4.05787303e-12   4.28335865e-12  -2.66965285e-13]
  [ -7.76071051e-12   7.01420448e-11  -1.73535617e-11   3.10604425e-12
     6.53591595e-12   2.74639565e-12  -4.66865975e-13  -5.87186816e-11]
  [  2.33130867e-12  -1.73535617e-11   7.80034466e-11   1.82138514e-11
    -3.70900271e-12  -1.33240501e-11   1.07660992e-11   1.58378804e-11]
  [ -3.46051518e-12   3.10604425e-12   1.82138514e-11   8.14776471e-11
    -2.45041703e-13  -3.00668373e-12  -3.92737804e-12   2.46121043e-12]
  [ -2.01949882e-12   6.53591595e-12  -3.70900271e-12  -2.45041703e-13
     1.12406144e-10  -9.17774312e-12   7.58024583e-12  -7.39880996e-12]
  [  4.05787303e-12   2.74639565e-12  -1.33240501e-11  -3.00668373e-12
    -9.17774312e-12   8.16588304e-11   6.90256935e-12  -7.72705433e-12]
  [  4.28335865e-12  -4.66865975e-13   1.07660992e-11  -3.92737804e-12
     7.58024583e-12   6.90256935e-12   5.71349922e-11   8.75494624e-12]
  [ -2.66965285e-13  -5.87186816e-11   1.58378804e-11   2.46121043e-12
    -7.39880996e-12  -7.72705433e-12   8.75494624e-12   1.88929033e-10]]

 [[  3.67576252e-11   1.71464923e-11   9.48675000e-12   9.36467267e-13
    -1.54499014e-11   7.68089986e-13  -6.01847423e-13  -8.71640161e-12]
  [  1.71464923e-11   2.77435127e-11  -8.77212763e-12  -4.18184789e-13
    -6.45245066e-12   2.00049056e-12  -1.09987313e-12  -7.63083537e-12]
  [  9.48675000e-12  -8.77212763e-12   6.53463152e-11   7.60475496e-12
     6.04205842e-12  -8.26326901e-12   6.36077866e-12   1.47211180e-12]
  [  9.36467267e-13  -4.18184789e-13   7.60475496e-12   1.07140145e-10
    -7.44970301e-12  -2.21114767e-11  -5.50454482e-12   9.37502422e-13]
  [ -1.54499014e-11  -6.45245066e-12   6.04205842e-12  -7.44970301e-12
     7.44601218e-11  -1.81611823e-12   6.15351132e-12   5.50260496e-12]
  [  7.68089986e-13   2.00049056e-12  -8.26326901e-12  -2.21114767e-11
    -1.81611823e-12   7.42101061e-11   6.84725136e-12   1.14781973e-11]
  [ -6.01847423e-13  -1.09987313e-12   6.36077866e-12  -5.50454482e-12
     6.15351132e-12   6.84725136e-12   1.22096054e-11   3.98878944e-12]
  [ -8.71640161e-12  -7.63083537e-12   1.47211180e-12   9.37502422e-13
     5.50260496e-12   1.14781973e-11   3.98878944e-12   5.67932169e-11]]

 [[  1.49691661e-11  -2.82548813e-12  -5.72096099e-12   7.87648017e-12
    -1.17851381e-13  -1.42306079e-13  -8.53291390e-14  -6.07378009e-12]
  [ -2.82548813e-12   1.25639268e-10  -2.78001520e-12   5.61511925e-12
    -7.60296456e-13  -2.53840562e-12   3.15679053e-12  -2.42922933e-11]
  [ -5.72096099e-12  -2.78001520e-12   1.55339853e-10  -1.25059542e-11
     1.31453004e-11   4.46661372e-12   1.79457076e-11  -6.23506059e-13]
  [  7.87648017e-12   5.61511925e-12  -1.25059542e-11   2.39702780e-10
    -3.14437390e-12   1.31271266e-12  -1.05776803e-11  -1.80139340e-11]
  [ -1.17851381e-13  -7.60296456e-13   1.31453004e-11  -3.14437390e-12
     1.77821793e-10   1.80169203e-11   1.15941146e-11  -1.15850937e-11]
  [ -1.42306079e-13  -2.53840562e-12   4.46661372e-12   1.31271266e-12
     1.80169203e-11   2.41293359e-10   2.41297507e-11  -2.03917049e-11]
  [ -8.53291390e-14   3.15679053e-12   1.79457076e-11  -1.05776803e-11
     1.15941146e-11   2.41297507e-11   1.17103022e-11   6.79909647e-12]
  [ -6.07378009e-12  -2.42922933e-11  -6.23506059e-13  -1.80139340e-11
    -1.15850937e-11  -2.03917049e-11   6.79909647e-12   1.60538674e-10]]

 [[  4.44296305e-07  -1.67447190e-07  -4.27305709e-07   3.03853812e-08
    -2.12677570e-07   5.15377813e-07  -3.48333530e-07  -1.11947133e-07]
  [ -1.67447190e-07   1.49300467e-06   3.07542015e-06  -6.12405576e-08
     3.85330249e-06  -3.87697579e-06   2.60113730e-07   1.42592177e-06]
  [ -4.27305709e-07   3.07542015e-06   9.86202909e-06   4.02580513e-08
     1.17081315e-05  -1.13052672e-05   1.21378374e-06   4.06394690e-06]
  [  3.03853812e-08  -6.12405576e-08   4.02580513e-08   2.74999906e-07
    -2.87942010e-07   6.47259611e-08  -9.01111445e-08  -8.36374400e-08]
  [ -2.12677570e-07   3.85330249e-06   1.17081315e-05  -2.87942010e-07
     1.64657283e-05  -1.49908711e-05   1.56882748e-06   4.88480862e-06]
  [  5.15377813e-07  -3.87697579e-06  -1.13052672e-05   6.47259611e-08
    -1.49908711e-05   1.42769850e-05  -1.57445290e-06  -4.64963049e-06]
  [ -3.48333530e-07   2.60113730e-07   1.21378374e-06  -9.01111445e-08
     1.56882748e-06  -1.57445290e-06   4.88126694e-07   4.03160150e-07]
  [ -1.11947133e-07   1.42592177e-06   4.06394690e-06  -8.36374400e-08
     4.88480862e-06  -4.64963049e-06   4.03160150e-07   1.79161525e-06]]

 [[  6.58489939e-11  -2.91110584e-11   3.29831575e-11  -1.55341487e-11
     1.16995342e-11   1.91021182e-12   7.94033867e-12   7.44305339e-12]
  [ -2.91110584e-11   9.02567634e-11   2.72418521e-11  -9.82215154e-13
    -1.11466194e-11   2.22449174e-12  -4.66543733e-13  -1.76844096e-12]
  [  3.29831575e-11   2.72418521e-11   1.01247008e-10  -1.23499848e-11
     4.48391715e-12   1.70294973e-11   1.22913626e-11   6.44644218e-12]
  [ -1.55341487e-11  -9.82215154e-13  -1.23499848e-11   1.82277557e-10
     1.02010319e-11  -2.16777500e-11  -8.97960759e-12  -2.11912478e-11]
  [  1.16995342e-11  -1.11466194e-11   4.48391715e-12   1.02010319e-11
     8.54114289e-11   2.63230783e-11   4.03912561e-12  -8.43417690e-12]
  [  1.91021182e-12   2.22449174e-12   1.70294973e-11  -2.16777500e-11
     2.63230783e-11   1.74805234e-10   1.74387859e-11   3.07971825e-12]
  [  7.94033867e-12  -4.66543733e-13   1.22913626e-11  -8.97960759e-12
     4.03912561e-12   1.74387859e-11   2.61427511e-11   1.54706196e-11]
  [  7.44305339e-12  -1.76844096e-12   6.44644218e-12  -2.11912478e-11
    -8.43417690e-12   3.07971825e-12   1.54706196e-11   1.40802659e-10]]

 [[  2.52452845e-11  -1.05088202e-11  -2.14226366e-11   2.24269129e-11
    -1.42542037e-11  -1.59564814e-11   3.76390339e-11   2.56222747e-11]
  [ -1.05088202e-11   5.35198851e-10  -5.78520377e-11  -2.06918574e-11
     4.35240807e-11   2.17119950e-11  -1.95342213e-11  -5.55116362e-10]
  [ -2.14226366e-11  -5.78520377e-11   3.84006560e-10  -3.39393065e-12
    -2.96221859e-11  -2.68263542e-11   5.49996644e-11   1.20792402e-10]
  [  2.24269129e-11  -2.06918574e-11  -3.39393065e-12   5.90817244e-10
    -2.82178381e-12  -1.05482712e-10  -2.59554923e-11   4.57522176e-11]
  [ -1.42542037e-11   4.35240807e-11  -2.96221859e-11  -2.82178381e-12
     4.85681569e-10   3.00351724e-11  -6.29554500e-12  -1.00878886e-10]
  [ -1.59564814e-11   2.17119950e-11  -2.68263542e-11  -1.05482712e-10
     3.00351724e-11   5.38368844e-10   2.24021935e-11  -1.74453524e-10]
  [  3.76390339e-11  -1.95342213e-11   5.49996644e-11  -2.59554923e-11
    -6.29554500e-12   2.24021935e-11   1.60569686e-10   9.32705608e-11]
  [  2.56222747e-11  -5.55116362e-10   1.20792402e-10   4.57522176e-11
    -1.00878886e-10  -1.74453524e-10   9.32705608e-11   1.51866903e-09]]

 [[  2.31129694e-10  -3.40588922e-10  -9.10384710e-10   2.17352464e-10
     1.61028881e-10  -1.93487692e-10  -2.68098149e-10  -4.36885865e-11]
  [ -3.40588922e-10   9.19877560e-09  -1.71686581e-09  -1.09341929e-09
    -4.68987183e-10   5.80604894e-09   9.85867489e-10  -4.89807788e-09]
  [ -9.10384710e-10  -1.71686581e-09   1.12587881e-08   3.25779252e-09
    -8.76939331e-10  -3.08699694e-09   5.75307995e-10   1.65455626e-09]
  [  2.17352464e-10  -1.09341929e-09   3.25779252e-09   1.81668937e-08
    -1.23994624e-09  -1.31826179e-08  -1.52722217e-09   3.14192453e-09]
  [  1.61028881e-10  -4.68987183e-10  -8.76939331e-10  -1.23994624e-09
     3.86878945e-09   1.16593326e-10  -1.75855650e-10  -3.03508580e-10]
  [ -1.93487692e-10   5.80604894e-09  -3.08699694e-09  -1.31826179e-08
     1.16593326e-10   1.55985425e-08   1.74295734e-09  -4.26785128e-09]
  [ -2.68098149e-10   9.85867489e-10   5.75307995e-10  -1.52722217e-09
    -1.75855650e-10   1.74295734e-09   7.12915322e-10  -9.98789203e-11]
  [ -4.36885865e-11  -4.89807788e-09   1.65455626e-09   3.14192453e-09
    -3.03508580e-10  -4.26785128e-09  -9.98789203e-11   1.17293121e-08]]

 [[  1.16601104e-10   1.57459443e-10   2.43975191e-11   3.21161448e-11
    -9.41371638e-12   1.40295375e-11   4.96888078e-11  -4.87895509e-11]
  [  1.57459443e-10   9.49089335e-10   1.91016389e-10  -1.96741370e-10
    -7.97479432e-11   9.61905444e-11  -8.84169222e-11  -9.96395186e-10]
  [  2.43975191e-11   1.91016389e-10   3.62312668e-10  -1.55198942e-10
     9.72037044e-14   1.12615461e-10  -8.48067447e-11   1.54893782e-10]
  [  3.21161448e-11  -1.96741370e-10  -1.55198942e-10   8.50545016e-10
     2.12379951e-10   2.40779719e-10   1.77849967e-10   2.56538863e-11]
  [ -9.41371638e-12  -7.97479432e-11   9.72037044e-14   2.12379951e-10
     3.90594486e-10   3.03534479e-10   4.10046480e-11  -1.03359126e-12]
  [  1.40295375e-11   9.61905444e-11   1.12615461e-10   2.40779719e-10
     3.03534479e-10   8.81734220e-10   6.93390247e-11  -1.62538626e-10]
  [  4.96888078e-11  -8.84169222e-11  -8.48067447e-11   1.77849967e-10
     4.10046480e-11   6.93390247e-11   6.64148672e-10   1.86087449e-10]
  [ -4.87895509e-11  -9.96395186e-10   1.54893782e-10   2.56538863e-11
    -1.03359126e-12  -1.62538626e-10   1.86087449e-10   2.60356483e-09]]]
alpha =  ~ Dirichlet(alpha)
  alpha =
[ 2120.96726208  1569.45369597  2879.60446715  1636.06433059  2660.11089263
     8.28751266   851.81770535  2460.13025226   269.13840569   904.5254756 ]