mu =  ~ Gaussian(mu, Cov)
  mu = 
[[ 28.66354581  -0.56997664   3.40815963  -1.24032762   0.43102598
   -1.37151077   0.64543204  -0.16062331]
 [  5.61732908   0.2030012   -1.65333387   0.04896809  -0.82055146
    0.74717457  -0.34220519   0.65165124]
 [ -6.97101386  -0.18227386   0.25984123   0.66156981  -0.40232098
   -0.47141407   0.18074982   0.15267229]
 [ 18.48792497   5.53548813   6.77045632   1.63874726   0.65044567
   -5.83157291   3.07553051   4.22553055]]
  Cov = 
[[[  9.92366483e+01   1.56634566e-01   8.32698141e-01  -3.44348898e-01
     1.18646429e-01   1.62146935e-01  -1.91791428e-01   1.25023305e-01]
  [  1.56634566e-01   9.21262176e+01  -2.21139903e-01  -1.21680078e-02
    -2.21860347e-01   1.28705422e-01  -3.08281584e-02   3.87102256e+00]
  [  8.32698141e-01  -2.21139903e-01   9.09249306e+01  -5.11672711e-01
     4.04695351e-01   1.40072011e-01  -7.89483976e-01  -5.63250575e-01]
  [ -3.44348898e-01  -1.21680078e-02  -5.11672711e-01   8.58878706e+01
    -1.90215404e-01   2.22126195e+00   8.04137764e-01   5.52369338e-01]
  [  1.18646429e-01  -2.21860347e-01   4.04695351e-01  -1.90215404e-01
     9.10311191e+01  -5.56355841e-01  -2.79734009e-01   1.95531199e+00]
  [  1.62146935e-01   1.28705422e-01   1.40072011e-01   2.22126195e+00
    -5.56355841e-01   8.88736463e+01  -1.01355887e+00   2.05396131e+00]
  [ -1.91791428e-01  -3.08281584e-02  -7.89483976e-01   8.04137764e-01
    -2.79734009e-01  -1.01355887e+00   9.87800056e+01  -5.06457083e-01]
  [  1.25023305e-01   3.87102256e+00  -5.63250575e-01   5.52369338e-01
     1.95531199e+00   2.05396131e+00  -5.06457083e-01   8.21150542e+01]]

 [[  9.97691029e+01   2.81742450e-01   1.33969391e+00  -8.89916472e-01
     4.42596848e-01   5.02639161e-01   1.91113972e-01   1.68110227e-01]
  [  2.81742450e-01   8.02733073e+01   1.53493092e+00   8.10558034e-01
     1.03051391e+00   2.96471003e+00   2.35646612e-01   6.75791329e+00]
  [  1.33969391e+00   1.53493092e+00   8.21394811e+01   5.61479101e-01
     1.97625044e+00  -1.54205064e+00  -1.81375592e+00  -3.44544838e+00]
  [ -8.89916472e-01   8.10558034e-01   5.61479101e-01   6.91378020e+01
    -1.71082002e-01   3.42542746e+00   2.00994213e+00   1.99444476e+00]
  [  4.42596848e-01   1.03051391e+00   1.97625044e+00  -1.71082002e-01
     7.94218084e+01  -1.23142356e+00  -4.23437288e-01   1.82285948e+00]
  [  5.02639161e-01   2.96471003e+00  -1.54205064e+00   3.42542746e+00
    -1.23142356e+00   7.32722403e+01  -3.62112084e+00   3.70097223e+00]
  [  1.91113972e-01   2.35646612e-01  -1.81375592e+00   2.00994213e+00
    -4.23437288e-01  -3.62112084e+00   9.90535810e+01  -6.45520321e-02]
  [  1.68110227e-01   6.75791329e+00  -3.44544838e+00   1.99444476e+00
     1.82285948e+00   3.70097223e+00  -6.45520321e-02   6.65658637e+01]]

 [[  9.98786145e+01   7.71255679e-03  -2.48617642e-02   1.20019055e-02
     1.35618798e-02   1.49895949e-02   9.56986608e-03   1.13218269e-02]
  [  7.71255679e-03   9.98135888e+01  -1.53968061e-02  -1.70811084e-02
     3.82608470e-03  -7.27695792e-03  -3.11830280e-03  -1.80563963e-02]
  [ -2.48617642e-02  -1.53968061e-02   9.97003289e+01   2.62416475e-02
    -1.33210562e-02   1.54522201e-03  -3.56694284e-02   3.15915750e-02]
  [  1.20019055e-02  -1.70811084e-02   2.62416475e-02   9.94757384e+01
    -3.19054343e-02  -2.27100358e-02   1.15837518e-02   3.86123826e-02]
  [  1.35618798e-02   3.82608470e-03  -1.33210562e-02  -3.19054343e-02
     9.94723775e+01  -3.87547318e-03  -1.99983062e-02   8.85480363e-03]
  [  1.49895949e-02  -7.27695792e-03   1.54522201e-03  -2.27100358e-02
    -3.87547318e-03   9.94832870e+01  -5.22195572e-02  -1.90345497e-02]
  [  9.56986608e-03  -3.11830280e-03  -3.56694284e-02   1.15837518e-02
    -1.99983062e-02  -5.22195572e-02   9.98278073e+01  -1.42958710e-02]
  [  1.13218269e-02  -1.80563963e-02   3.15915750e-02   3.86123826e-02
     8.85480363e-03  -1.90345497e-02  -1.42958710e-02   9.95135518e+01]]

 [[  9.71108110e+01   7.87717507e-02  -1.33370632e-03   9.15406189e-02
    -6.04460222e-02  -8.50408692e-02  -1.44220861e-01   5.13475302e-02]
  [  7.87717507e-02   9.70610890e+01   1.09437833e-01  -1.09820670e-01
     1.93085856e-01   1.68341357e-01  -4.41447240e-02   4.68002906e-01]
  [ -1.33370632e-03   1.09437833e-01   9.60574592e+01  -1.48110061e-01
     6.89040662e-02   2.91611312e-01  -3.72511738e-01  -2.26542906e-01]
  [  9.15406189e-02  -1.09820670e-01  -1.48110061e-01   9.44517847e+01
     1.55215557e-01   5.60488511e-01   2.83564412e-01   3.61176777e-01]
  [ -6.04460222e-02   1.93085856e-01   6.89040662e-02   1.55215557e-01
     9.51091055e+01   1.53244725e-02  -2.15247825e-01  -2.32391368e-02]
  [ -8.50408692e-02   1.68341357e-01   2.91611312e-01   5.60488511e-01
     1.53244725e-02   9.46312542e+01  -3.06775206e-01   5.15510934e-01]
  [ -1.44220861e-01  -4.41447240e-02  -3.72511738e-01   2.83564412e-01
    -2.15247825e-01  -3.06775206e-01   9.93465409e+01  -2.87699340e-01]
  [  5.13475302e-02   4.68002906e-01  -2.26542906e-01   3.61176777e-01
    -2.32391368e-02   5.15510934e-01  -2.87699340e-01   9.48049447e+01]]]

Lambda = ~ Wishart(n, A)
  n =
[ 1841.05071408   485.55645807   733.3468221   3116.04600575]
  A =
[[[  2.31525050e-11  -4.98176273e-12  -2.73954471e-11   1.20386275e-11
    -3.78628868e-12  -5.76795841e-12   5.52649937e-12  -4.13832957e-12]
  [ -4.98176273e-12   2.62973637e-10   6.42839824e-12   1.26772460e-12
     1.11814555e-11  -1.32999383e-12   2.62182112e-13  -1.53968733e-10]
  [ -2.73954471e-11   6.42839824e-12   2.99717319e-10   1.89312086e-11
    -1.53308603e-11  -5.86901920e-12   2.61644370e-11   2.29927428e-11]
  [  1.20386275e-11   1.26772460e-12   1.89312086e-11   4.94392301e-10
     6.81358974e-12  -8.65834693e-11  -2.92423038e-11  -2.13870594e-11]
  [ -3.78628868e-12   1.11814555e-11  -1.53308603e-11   6.81358974e-12
     2.97905756e-10   2.23758635e-11   8.94249179e-12  -7.93737753e-11]
  [ -5.76795841e-12  -1.32999383e-12  -5.86901920e-12  -8.65834693e-11
     2.23758635e-11   3.79940027e-10   3.48053353e-11  -8.47172947e-11]
  [  5.52649937e-12   2.62182112e-13   2.61644370e-11  -2.92423038e-11
     8.94249179e-12   3.48053353e-11   3.80685744e-11   1.79195792e-11]
  [ -4.13832957e-12  -1.53968733e-10   2.29927428e-11  -2.13870594e-11
    -7.93737753e-11  -8.47172947e-11   1.79195792e-11   6.64541709e-10]]

 [[  1.17965412e-10  -1.19232739e-10  -7.22696058e-10   5.90787303e-10
    -2.28032995e-10  -3.41745754e-10  -1.24085837e-10  -1.39692785e-10]
  [ -1.19232739e-10   1.11898946e-08  -1.25410129e-09  -3.15411689e-10
    -5.93918402e-10  -1.95551387e-09  -2.24653576e-10  -5.40845562e-09]
  [ -7.22696058e-10  -1.25410129e-09   9.66835495e-09  -6.09164207e-10
    -1.30937825e-09   1.14699115e-09   1.03396344e-09   2.89297970e-09]
  [  5.90787303e-10  -3.15411689e-10  -6.09164207e-10   1.96018834e-08
     1.38964989e-10  -2.82629055e-09  -1.38462677e-09  -1.88573948e-09]
  [ -2.28032995e-10  -5.93918402e-10  -1.30937825e-09   1.38964989e-10
     1.13801912e-08   9.98703258e-10   2.51117570e-10  -1.49757900e-09]
  [ -3.41745754e-10  -1.95551387e-09   1.14699115e-09  -2.82629055e-09
     9.98703258e-10   1.65227179e-08   2.30276112e-09  -2.82721192e-09]
  [ -1.24085837e-10  -2.24653576e-10   1.03396344e-09  -1.38462677e-09
     2.51117570e-10   2.30276112e-09   5.48377171e-10   5.69870446e-11]
  [ -1.39692785e-10  -5.40845562e-09   2.89297970e-09  -1.88573948e-09
    -1.49757900e-09  -2.82721192e-09   5.69870446e-11   2.26444636e-08]]

 [[  2.20857718e-11  -1.44023533e-12   4.55994603e-12  -2.25251382e-12
    -2.53185990e-12  -2.77034218e-12  -1.82697852e-12  -2.10082900e-12]
  [ -1.44023533e-12   3.40853546e-11   2.83848486e-12   3.15131021e-12
    -6.16246033e-13   1.38152466e-12   5.42239465e-13   3.42910284e-12]
  [  4.55994603e-12   2.83848486e-12   5.48918878e-11  -4.96486169e-12
     2.43361085e-12  -2.62236652e-13   6.49478972e-12  -5.87849490e-12]
  [ -2.25251382e-12   3.15131021e-12  -4.96486169e-12   9.64221728e-11
     6.00908988e-12   4.36269290e-12  -1.99681759e-12  -7.15587532e-12]
  [ -2.53185990e-12  -6.16246033e-13   2.43361085e-12   6.00908988e-12
     9.73533835e-11   7.08531920e-13   3.73933379e-12  -1.63519407e-12]
  [ -2.77034218e-12   1.38152466e-12  -2.62236652e-13   4.36269290e-12
     7.08531920e-13   9.49925766e-11   9.64997036e-12   3.48982247e-12]
  [ -1.82697852e-12   5.42239465e-13   6.49478972e-12  -1.99681759e-12
     3.73933379e-12   9.64997036e-12   3.22215404e-11   2.42287291e-12]
  [ -2.10082900e-12   3.42910284e-12  -5.87849490e-12  -7.15587532e-12
    -1.63519407e-12   3.48982247e-12   2.42287291e-12   8.96464590e-11]]

 [[  3.07305749e-11  -8.36840530e-13   2.32560698e-14  -1.02036658e-12
     6.69645513e-13   9.63459159e-13   1.53012271e-12  -5.72095198e-13]
  [ -8.36840530e-13   3.13449269e-11  -1.18917716e-12   1.27698332e-12
    -2.19277338e-12  -1.86450084e-12   4.38156758e-13  -5.24294818e-12]
  [  2.32560698e-14  -1.18917716e-12   4.25096074e-11   1.71767107e-12
    -7.34887700e-13  -3.31942636e-12   4.04249731e-12   2.56894136e-12]
  [ -1.02036658e-12   1.27698332e-12   1.71767107e-12   6.09365903e-11
    -1.77999386e-12  -6.50040866e-12  -3.16038767e-12  -4.14873178e-12]
  [  6.69645513e-13  -2.19277338e-12  -7.34887700e-13  -1.77999386e-12
     5.31921314e-11  -1.27520140e-13   2.35146100e-12   2.71879040e-13]
  [  9.63459159e-13  -1.86450084e-12  -3.31942636e-12  -6.50040866e-12
    -1.27520140e-13   5.88462145e-11   3.38912013e-12  -5.82550807e-12]
  [  1.53012271e-12   4.38156758e-13   4.04249731e-12  -3.16038767e-12
     2.35146100e-12   3.38912013e-12   6.86622956e-12   3.17477083e-12]
  [ -5.72095198e-13  -5.24294818e-12   2.56894136e-12  -4.14873178e-12
     2.71879040e-13  -5.82550807e-12   3.17477083e-12   5.67558806e-11]]]
alpha =  ~ Dirichlet(alpha)
  alpha =
[ 1833.06071408   477.56645807   725.3568221   3108.05600575]