mu =  ~ Gaussian(mu, Cov)
  mu = 
[[ -1.94999402e+00   9.21108642e+00   1.51706844e+00  -3.50627947e+00
   -4.16214848e+00   2.85560380e+00   6.41293059e+00  -3.99709478e-01]
 [ -1.04866448e+01  -5.75316941e-01  -1.26997686e+00   4.29422319e-01
   -3.45414022e-01  -5.74014261e-02  -8.52672757e-01  -4.11647541e-01]
 [ -6.39550041e-01  -1.28355565e+01   5.39410849e+00   1.85678613e+01
   -3.40932856e+00  -1.53042100e+01   9.43260549e+00   3.16759215e+00]
 [ -1.49173599e+01  -9.05482563e+00   9.55505159e-01   4.48752326e+00
   -1.56790468e+00  -6.38318834e+00   1.54665126e+00   1.12235309e+00]
 [  5.36021564e+01  -6.05070190e+00   1.95194972e+00   6.93358535e-01
    4.43765345e-01   1.83229768e+00   1.67792485e+00  -1.08792371e+00]
 [ -9.70674766e+00  -5.39402444e+00  -1.27040744e+01  -9.51279744e+00
    1.80506811e+00   1.87241210e+01   5.40718523e+00   2.75462643e+00]
 [ -1.80389826e+01   8.58464182e-01  -1.09295909e+01   8.81226765e-01
   -7.72047401e-01  -3.15632970e+00  -9.65627771e-02   3.12397795e-01]
 [  7.27279744e+01  -2.90141246e+00   1.58931296e-01   4.06348201e-01
    9.85561509e-01  -8.18439151e+00   2.17962408e+01  -6.96753283e-01]
 [  4.00498354e+01  -8.08689298e+00  -1.14177722e+01  -3.84094141e+00
    6.58858162e+00  -3.63902751e+00   6.84827603e+01   1.15516349e+01]
 [ -7.71089952e+00   3.24597576e+00   6.87765724e-01   1.31366231e+00
    2.33262729e+00  -1.88478052e+00   7.33356039e-01  -9.72080843e-02]]
  Cov = 
[[[  9.88421711e+01  -5.00597175e-01  -1.59584729e-01   3.82922603e-01
     4.79955022e-01  -4.00685104e-01  -3.06160002e-01   8.23478358e-01]
  [ -5.00597175e-01   9.93256308e+01   3.24260598e-01  -4.81892287e-02
     1.73042828e-01  -7.27975347e-02  -6.13053093e-02   6.84130410e-01]
  [ -1.59584729e-01   3.24260598e-01   9.81322664e+01   4.25003120e-01
    -5.56166970e-01   2.44774567e-02  -4.77224575e-01  -2.34517980e-01]
  [  3.82922603e-01  -4.81892287e-02   4.25003120e-01   9.74074573e+01
     5.04764671e-01   8.57902539e-01  -2.62340373e-02   1.31509417e-01]
  [  4.79955022e-01   1.73042828e-01  -5.56166970e-01   5.04764671e-01
     9.72989345e+01   5.73049252e-01  -1.91408147e-01  -1.59739096e-01]
  [ -4.00685104e-01  -7.27975347e-02   2.44774567e-02   8.57902539e-01
     5.73049252e-01   9.84481935e+01   3.54373934e-01  -2.64534306e-01]
  [ -3.06160002e-01  -6.13053093e-02  -4.77224575e-01  -2.62340373e-02
    -1.91408147e-01   3.54373934e-01   9.79783780e+01   4.79860345e-01]
  [  8.23478358e-01   6.84130410e-01  -2.34517980e-01   1.31509417e-01
    -1.59739096e-01  -2.64534306e-01   4.79860345e-01   9.58183672e+01]]

 [[  9.98956124e+01  -2.85523519e-03  -4.83424416e-02   1.48454057e-02
     1.00799539e-02  -2.77985391e-02  -6.74934092e-03  -2.85716832e-02]
  [ -2.85523519e-03   9.95929376e+01  -4.32436808e-02   4.21270370e-02
    -4.24006432e-02   5.46947454e-03  -1.19641563e-02   2.88955813e-02]
  [ -4.83424416e-02  -4.32436808e-02   9.94444028e+01   3.78681865e-02
    -5.55619450e-02   1.83442901e-03  -9.22959157e-02  -6.33478830e-03]
  [  1.48454057e-02   4.21270370e-02   3.78681865e-02   9.92815934e+01
     1.58319400e-02  -1.84465666e-02   4.82916450e-02  -8.16468110e-03]
  [  1.00799539e-02  -4.24006432e-02  -5.55619450e-02   1.58319400e-02
     9.94204093e+01  -9.64022791e-04  -2.00915799e-02   3.45558640e-02]
  [ -2.77985391e-02   5.46947454e-03   1.83442901e-03  -1.84465666e-02
    -9.64022791e-04   9.92700505e+01  -6.79006061e-02  -4.01762694e-02]
  [ -6.74934092e-03  -1.19641563e-02  -9.22959157e-02   4.82916450e-02
    -2.00915799e-02  -6.79006061e-02   9.98410198e+01  -2.47858411e-02]
  [ -2.85716832e-02   2.88955813e-02  -6.33478830e-03  -8.16468110e-03
     3.45558640e-02  -4.01762694e-02  -2.47858411e-02   9.95356438e+01]]

 [[  9.65155147e+01   2.36545171e-01  -7.35963707e-01  -9.76916621e-01
     4.28180095e-01   7.06149316e-01  -4.62290218e-01  -7.06127269e-01]
  [  2.36545171e-01   9.72467767e+01  -9.60392536e-01  -6.10960462e-01
     5.50877658e-02   5.46420805e-01  -3.62860831e-01   8.31355788e-01]
  [ -7.35963707e-01  -9.60392536e-01   9.72057399e+01  -1.33930642e+00
     7.61233113e-02   6.38820914e-01  -4.39226958e-02  -7.54437438e-02]
  [ -9.76916621e-01  -6.10960462e-01  -1.33930642e+00   9.61436827e+01
    -9.71126703e-02   2.97617947e-01   5.39090770e-01   1.73973907e-01]
  [  4.28180095e-01   5.50877658e-02   7.61233113e-02  -9.71126703e-02
     9.72301465e+01  -6.17218172e-01   9.32820633e-02   4.35338376e-01]
  [  7.06149316e-01   5.46420805e-01   6.38820914e-01   2.97617947e-01
    -6.17218172e-01   9.60090562e+01  -2.48395093e-01   1.97255582e-01]
  [ -4.62290218e-01  -3.62860831e-01  -4.39226958e-02   5.39090770e-01
     9.32820633e-02  -2.48395093e-01   9.84679734e+01  -1.39229712e-01]
  [ -7.06127269e-01   8.31355788e-01  -7.54437438e-02   1.73973907e-01
     4.35338376e-01   1.97255582e-01  -1.39229712e-01   9.40119616e+01]]

 [[  9.88004780e+01   7.03814920e-01  -4.62668099e-01  -2.40405721e-01
     5.21748236e-02   3.64670084e-01  -1.17668360e-01  -1.67055586e-01]
  [  7.03814920e-01   9.85710855e+01  -4.88000119e-01  -1.94244336e-01
     4.72595669e-02  -7.24419044e-02   6.53567498e-02   1.76110053e-02]
  [ -4.62668099e-01  -4.88000119e-01   9.84210302e+01  -4.24280950e-01
     7.20167830e-02   1.23452277e-01  -2.24471235e-01   9.03526064e-02]
  [ -2.40405721e-01  -1.94244336e-01  -4.24280950e-01   9.70976583e+01
    -3.04810588e-01   1.76975038e-01   2.80679010e-02   2.24160355e-01]
  [  5.21748236e-02   4.72595669e-02   7.20167830e-02  -3.04810588e-01
     9.85408503e+01  -4.47278335e-01   2.74766758e-02   2.05713176e-01]
  [  3.64670084e-01  -7.24419044e-02   1.23452277e-01   1.76975038e-01
    -4.47278335e-01   9.74597490e+01  -8.11051443e-02   1.75279999e-01]
  [ -1.17668360e-01   6.53567498e-02  -2.24471235e-01   2.80679010e-02
     2.74766758e-02  -8.11051443e-02   9.94215099e+01  -7.20128177e-02]
  [ -1.67055586e-01   1.76110053e-02   9.03526064e-02   2.24160355e-01
     2.05713176e-01   1.75279999e-01  -7.20128177e-02   9.77916076e+01]]

 [[  9.84633584e+01   3.64159355e-01   1.54480388e+00  -9.77951798e-01
     5.56424366e-01   7.95649557e-01  -1.09007620e+00  -9.18759349e-01]
  [  3.64159355e-01   7.70880570e+01   8.13738820e-01   1.63032302e+00
     2.19163651e-01   4.55942332e-01   1.57980759e-01   1.47853962e+01]
  [  1.54480388e+00   8.13738820e-01   7.76637615e+01   9.32927378e-01
     1.06206050e+00  -5.70451443e-01  -2.00689002e+00  -3.22248614e+00]
  [ -9.77951798e-01   1.63032302e+00   9.32927378e-01   7.25632738e+01
     3.40753385e-01   2.05216463e+00   1.05299215e+00  -2.39548580e-02]
  [  5.56424366e-01   2.19163651e-01   1.06206050e+00   3.40753385e-01
     7.41167730e+01  -1.16745770e+00  -4.94203451e-01   1.82530646e+00]
  [  7.95649557e-01   4.55942332e-01  -5.70451443e-01   2.05216463e+00
    -1.16745770e+00   7.19838316e+01  -1.97511167e+00   2.23220645e+00]
  [ -1.09007620e+00   1.57980759e-01  -2.00689002e+00   1.05299215e+00
    -4.94203451e-01  -1.97511167e+00   9.48428481e+01  -2.00539585e+00]
  [ -9.18759349e-01   1.47853962e+01  -3.22248614e+00  -2.39548580e-02
     1.82530646e+00   2.23220645e+00  -2.00539585e+00   5.06505347e+01]]

 [[  9.66572429e+01  -1.03536767e-02   2.24859096e-01   4.97888728e-01
    -1.89601864e-01  -1.03163317e+00  -4.57986612e-01   1.86582619e-01]
  [ -1.03536767e-02   9.63325877e+01   1.77502601e-01   6.82033009e-01
     4.27066110e-01   8.03931323e-02  -1.12613288e-01   1.09610371e-01]
  [  2.24859096e-01   1.77502601e-01   9.59927394e+01   1.42722453e+00
    -8.24897204e-02  -3.84293926e-01  -5.10896836e-01  -3.78960827e-01]
  [  4.97888728e-01   6.82033009e-01   1.42722453e+00   9.34836146e+01
    -5.34292337e-02   3.86880300e-01   3.48480866e-01   8.33631931e-01]
  [ -1.89601864e-01   4.27066110e-01  -8.24897204e-02  -5.34292337e-02
     9.53408115e+01  -5.13430194e-02  -3.31926971e-01   3.69936542e-01]
  [ -1.03163317e+00   8.03931323e-02  -3.84293926e-01   3.86880300e-01
    -5.13430194e-02   9.47243605e+01  -4.41151345e-01   6.15149538e-01]
  [ -4.57986612e-01  -1.12613288e-01  -5.10896836e-01   3.48480866e-01
    -3.31926971e-01  -4.41151345e-01   9.94322625e+01  -1.58780704e-01]
  [  1.86582619e-01   1.09610371e-01  -3.78960827e-01   8.33631931e-01
     3.69936542e-01   6.15149538e-01  -1.58780704e-01   9.60215031e+01]]

 [[  9.91821569e+01  -8.18387734e-02   8.04270979e-01   1.07988567e-02
     1.13725905e-01   1.56736644e-01   4.85523342e-02  -1.16368534e-02]
  [ -8.18387734e-02   9.84699682e+01   2.44019395e-01   2.18997891e-02
    -1.67433970e-02  -2.14787860e-01   6.61965860e-03   1.54237532e-01]
  [  8.04270979e-01   2.44019395e-01   9.82921989e+01  -1.09567091e-01
    -7.89827030e-02  -1.27944906e-02  -9.52304213e-02  -9.41493780e-02]
  [  1.07988567e-02   2.18997891e-02  -1.09567091e-01   9.88502926e+01
     1.11541947e-01  -3.55961337e-01   3.42582668e-02   6.05849096e-02]
  [  1.13725905e-01  -1.67433970e-02  -7.89827030e-02   1.11541947e-01
     9.78497377e+01   2.25856391e-01  -9.00631314e-02   6.06664125e-02]
  [  1.56736644e-01  -2.14787860e-01  -1.27944906e-02  -3.55961337e-01
     2.25856391e-01   9.82092022e+01  -2.17098944e-02   1.39708228e-01]
  [  4.85523342e-02   6.61965860e-03  -9.52304213e-02   3.42582668e-02
    -9.00631314e-02  -2.17098944e-02   9.95064727e+01   4.89832033e-02]
  [ -1.16368534e-02   1.54237532e-01  -9.41493780e-02   6.05849096e-02
     6.06664125e-02   1.39708228e-01   4.89832033e-02   9.85964529e+01]]

 [[  9.53074054e+01   1.50341273e-01   6.78746666e-02  -3.88290001e-01
     3.34741614e-02  -4.42014585e-02   7.69493646e-01  -4.85908578e-02]
  [  1.50341273e-01   8.86817908e+01   7.90067539e-01  -7.56270117e-01
    -9.50709255e-02  -1.39175361e-01  -2.77176686e-01   3.80473873e+00]
  [  6.78746666e-02   7.90067539e-01   8.72297627e+01  -3.73974288e-01
     4.86623083e-01   4.73653416e-01  -1.18296188e+00  -5.72729599e-01]
  [ -3.88290001e-01  -7.56270117e-01  -3.73974288e-01   8.30258439e+01
     4.97940287e-01   1.83670618e+00   7.91359326e-01  -1.13849094e-01]
  [  3.34741614e-02  -9.50709255e-02   4.86623083e-01   4.97940287e-01
     8.37838334e+01   4.13644949e-02  -5.37259862e-01   2.85820567e-01]
  [ -4.42014585e-02  -1.39175361e-01   4.73653416e-01   1.83670618e+00
     4.13644949e-02   8.42968382e+01  -9.78227887e-01   1.02169700e+00]
  [  7.69493646e-01  -2.77176686e-01  -1.18296188e+00   7.91359326e-01
    -5.37259862e-01  -9.78227887e-01   9.82235561e+01  -1.12393918e+00]
  [ -4.85908578e-02   3.80473873e+00  -5.72729599e-01  -1.13849094e-01
     2.85820567e-01   1.02169700e+00  -1.12393918e+00   8.07340642e+01]]

 [[  9.66127850e+01   2.00874836e-01   4.50680760e-01   2.03574260e-01
    -1.99517600e-01  -7.61788396e-03  -1.28609003e+00  -5.77462124e-01]
  [  2.00874836e-01   9.28647676e+01   7.02544152e-01   5.25420575e-01
    -1.62692224e-01  -3.06736471e-01   3.01672392e-01   8.80257840e+00]
  [  4.50680760e-01   7.02544152e-01   9.45395968e+01   4.84889201e-01
     5.30937220e-01   1.35581764e-01   2.99482484e-01  -2.65892847e+00]
  [  2.03574260e-01   5.25420575e-01   4.84889201e-01   9.24960172e+01
    -3.13001061e-01   4.30862451e-01  -9.20703074e-02  -1.60700854e-01]
  [ -1.99517600e-01  -1.62692224e-01   5.30937220e-01  -3.13001061e-01
     9.22147492e+01  -2.15181324e-01   7.42315285e-01   1.00252866e+00]
  [ -7.61788396e-03  -3.06736471e-01   1.35581764e-01   4.30862451e-01
    -2.15181324e-01   9.19483820e+01   1.14187705e+00   1.60261131e+00]
  [ -1.28609003e+00   3.01672392e-01   2.99482484e-01  -9.20703074e-02
     7.42315285e-01   1.14187705e+00   8.01281299e+01  -3.00661019e+00]
  [ -5.77462124e-01   8.80257840e+00  -2.65892847e+00  -1.60700854e-01
     1.00252866e+00   1.60261131e+00  -3.00661019e+00   6.50654168e+01]]

 [[  9.94556002e+01  -3.33154577e-01  -2.12149515e-01  -9.18300796e-02
    -2.06139561e-01   2.17620594e-01  -6.81654052e-02   1.26337892e-01]
  [ -3.33154577e-01   9.95378136e+01   2.15009830e-01  -1.18350024e-01
    -2.13259831e-01   1.83403251e-01  -2.02711326e-02   8.38718652e-02]
  [ -2.12149515e-01   2.15009830e-01   9.88267872e+01  -8.56728749e-02
     2.22404027e-01   5.81078616e-02  -1.48521169e-01   8.84061145e-03]
  [ -9.18300796e-02  -1.18350024e-01  -8.56728749e-02   9.80577067e+01
     1.09171164e-01   9.87591256e-01   1.53124175e-01   2.71986052e-01]
  [ -2.06139561e-01  -2.13259831e-01   2.22404027e-01   1.09171164e-01
     9.86951387e+01   1.27369283e-01  -7.02319718e-02   1.71723871e-02]
  [  2.17620594e-01   1.83403251e-01   5.81078616e-02   9.87591256e-01
     1.27369283e-01   9.85458918e+01  -1.44384613e-01  -3.18052846e-01]
  [ -6.81654052e-02  -2.02711326e-02  -1.48521169e-01   1.53124175e-01
    -7.02319718e-02  -1.44384613e-01   9.97473386e+01  -9.76075706e-02]
  [  1.26337892e-01   8.38718652e-02   8.84061145e-03   2.71986052e-01
     1.71723871e-02  -3.18052846e-01  -9.76075706e-02   9.92432093e+01]]]

Lambda = ~ Wishart(n, A)
  n =
[ 1101.18336211  1514.67628047  2354.26164557  2188.17847179  3334.39951541
  3623.4092467   2362.6814483   6042.86117817  3941.81827868  1264.53057279]
  A =
[[[  9.91220088e-11   4.30945497e-11   1.29943844e-11  -3.35410624e-11
    -4.18247840e-11   3.50155135e-11   2.63362245e-11  -7.31804912e-11]
  [  4.30945497e-11   5.72186085e-11  -2.78230172e-11   4.16133400e-12
    -1.57160099e-11   6.41781997e-12   5.55014049e-12  -6.05947221e-11]
  [  1.29943844e-11  -2.78230172e-11   1.58546779e-10  -3.77453494e-11
     4.92545277e-11  -2.00869118e-12   4.05639689e-11   2.11717896e-11]
  [ -3.35410624e-11   4.16133400e-12  -3.77453494e-11   2.22060272e-10
    -4.40891249e-11  -7.40213971e-11   2.04058403e-12  -1.13857246e-11]
  [ -4.18247840e-11  -1.57160099e-11   4.92545277e-11  -4.40891249e-11
     2.30947228e-10  -4.94732601e-11   1.72803932e-11   1.50744517e-11]
  [  3.50155135e-11   6.41781997e-12  -2.00869118e-12  -7.40213971e-11
    -4.94732601e-11   1.32167518e-10  -3.07518219e-11   2.28993726e-11]
  [  2.63362245e-11   5.55014049e-12   4.05639689e-11   2.04058403e-12
     1.72803932e-11  -3.07518219e-11   1.71120903e-10  -4.30023703e-11]
  [ -7.31804912e-11  -6.05947221e-11   2.11717896e-11  -1.13857246e-11
     1.50744517e-11   2.28993726e-11  -4.30023703e-11   3.66621681e-10]]

 [[  4.61678472e-12   1.51036138e-13   2.18588335e-12  -7.71172539e-13
    -4.78131102e-13   1.28695605e-12   3.49933863e-13   1.29416587e-12]
  [  1.51036138e-13   1.79801006e-11   2.02008016e-12  -1.81227975e-12
     1.87567322e-12  -2.19553570e-13   5.76268812e-13  -1.25784794e-12]
  [  2.18588335e-12   2.02008016e-12   2.46799733e-11  -2.04972107e-12
     2.41983507e-12   1.05987442e-13   4.18572453e-12   3.54493806e-13]
  [ -7.71172539e-13  -1.81227975e-12  -2.04972107e-12   3.18590749e-11
    -6.86203535e-13   7.78873363e-13  -2.23233403e-12   3.72295828e-13]
  [ -4.78131102e-13   1.87567322e-12   2.41983507e-12  -6.86203535e-13
     2.56951147e-11   6.43992762e-15   9.02507464e-13  -1.54257892e-12]
  [  1.28695605e-12  -2.19553570e-13   1.05987442e-13   7.78873363e-13
     6.43992762e-15   3.23427317e-11   3.07428277e-12   1.89230486e-12]
  [  3.49933863e-13   5.76268812e-13   4.18572453e-12  -2.23233403e-12
     9.02507464e-13   3.07428277e-12   6.96405683e-12   1.15301338e-12]
  [  1.29416587e-12  -1.25784794e-12   3.54493806e-13   3.72295828e-13
    -1.54257892e-12   1.89230486e-12   1.15301338e-12   2.05526604e-11]]

 [[  6.65274059e-11  -4.22268114e-12   1.45643064e-11   2.01275611e-11
    -8.51935015e-12  -1.45971261e-11   8.08809666e-12   1.40725853e-11]
  [ -4.22268114e-12   5.22945954e-11   1.84493146e-11   1.21457987e-11
    -1.08051433e-12  -1.09415922e-11   6.69357480e-12  -1.64606766e-11]
  [  1.45643064e-11   1.84493146e-11   5.31449826e-11   2.69715080e-11
    -1.82826990e-12  -1.33551112e-11   6.69322119e-13   1.49460635e-12]
  [  2.01275611e-11   1.21457987e-11   2.69715080e-11   7.32520036e-11
     1.64103905e-12  -5.89653783e-12  -1.01175198e-11  -3.18673124e-12]
  [ -8.51935015e-12  -1.08051433e-12  -1.82826990e-12   1.64103905e-12
     5.26947016e-11   1.20295707e-11  -1.78716151e-12  -8.78794287e-12]
  [ -1.45971261e-11  -1.09415922e-11  -1.33551112e-11  -5.89653783e-12
     1.20295707e-11   7.59498759e-11   4.67728728e-12  -4.14332810e-12]
  [  8.08809666e-12   6.69357480e-12   6.69322119e-13  -1.01175198e-11
    -1.78716151e-12   4.67728728e-12   2.78575946e-11   2.72268557e-12]
  [  1.40725853e-11  -1.64606766e-11   1.49460635e-12  -3.18673124e-12
    -8.78794287e-12  -4.14332810e-12   2.72268557e-12   1.15848958e-10]]

 [[  2.56886866e-11  -1.49746901e-11   1.01521529e-11   4.54180999e-12
    -1.10651567e-12  -7.56362396e-12   2.60655793e-12   3.76944522e-12]
  [ -1.49746901e-11   3.04507575e-11   1.05212407e-11   4.22811628e-12
    -9.96133100e-13   1.60710549e-12  -1.38376471e-12  -4.83695413e-13]
  [  1.01521529e-11   1.05212407e-11   3.40792796e-11   8.41321846e-12
    -1.46481728e-12  -2.22414046e-12   4.84213477e-12  -1.84565162e-12]
  [  4.54180999e-12   4.22811628e-12   8.41321846e-12   6.43763150e-11
     6.63033642e-12  -4.87600930e-12  -8.08938177e-13  -5.06031323e-12]
  [ -1.10651567e-12  -9.96133100e-13  -1.46481728e-12   6.63033642e-12
     3.09917183e-11   9.74009452e-12  -5.40717591e-13  -4.50144514e-12]
  [ -7.56362396e-12   1.60710549e-12  -2.22414046e-12  -4.87600930e-12
     9.74009452e-12   5.52217340e-11   1.88106127e-12  -3.70660529e-12]
  [  2.60655793e-12  -1.38376471e-12   4.84213477e-12  -8.08938177e-13
    -5.40717591e-13   1.88106127e-12   1.22211775e-11   1.63335602e-12]
  [  3.76944522e-12  -4.83695413e-13  -1.84565162e-12  -5.06031323e-12
    -4.50144514e-12  -3.70660529e-12   1.63335602e-12   4.77840340e-11]]

 [[  1.47771324e-11  -7.99392312e-12  -1.72249190e-11   1.29270725e-11
    -7.18763972e-12  -1.09534443e-11   1.00831331e-11   1.89729508e-11]
  [ -7.99392312e-12   3.38550618e-10  -2.78653424e-11  -2.78512306e-11
     6.11107360e-12   3.75103379e-12  -9.93660719e-12  -3.64682077e-10]
  [ -1.72249190e-11  -2.78653424e-11   2.63994555e-10  -1.50234224e-11
    -1.81002188e-11   7.82057577e-12   2.64707400e-11   8.31428644e-11]
  [  1.29270725e-11  -2.78512306e-11  -1.50234224e-11   3.42176997e-10
    -6.12372277e-12  -3.62779555e-11  -1.45502579e-11   9.07125539e-12]
  [ -7.18763972e-12   6.11107360e-12  -1.81002188e-11  -6.12372277e-12
     3.15528761e-10   2.13875577e-11   5.42983835e-12  -4.79993565e-11]
  [ -1.09534443e-11   3.75103379e-12   7.82057577e-12  -3.62779555e-11
     2.13875577e-11   3.53953449e-10   2.56415232e-11  -5.54829343e-11]
  [  1.00831331e-11  -9.93660719e-12   2.64707400e-11  -1.45502579e-11
     5.42983835e-12   2.56415232e-11   5.08808475e-11   4.09382745e-11]
  [  1.89729508e-11  -3.64682077e-10   8.31428644e-11   9.07125539e-12
    -4.79993565e-11  -5.54829343e-11   4.09382745e-11   9.95408245e-10]]

 [[  2.69452369e-11   1.58353159e-13  -1.92417993e-12  -4.33967819e-12
     1.62519576e-12   8.61386305e-12   3.71461493e-12  -1.55045649e-12]
  [  1.58353159e-13   2.95475866e-11  -1.44308025e-12  -5.80801343e-12
    -3.49390863e-12  -4.92049847e-13   9.28428952e-13  -9.39532705e-13]
  [ -1.92417993e-12  -1.44308025e-12   3.22526811e-11  -1.20446679e-11
     6.89567135e-13   3.23951230e-12   4.15115654e-12   3.26788531e-12]
  [ -4.33967819e-12  -5.80801343e-12  -1.20446679e-11   5.34928821e-11
     5.03682036e-13  -3.24347104e-12  -2.96862884e-12  -7.06647502e-12]
  [  1.62519576e-12  -3.49390863e-12   6.89567135e-13   5.03682036e-13
     3.78754544e-11   4.25184417e-13   2.73326949e-12  -3.13024433e-12]
  [  8.61386305e-12  -4.92049847e-13   3.23951230e-12  -3.24347104e-12
     4.25184417e-13   4.31066752e-11   3.66424176e-12  -5.15291652e-12]
  [  3.71461493e-12   9.28428952e-13   4.15115654e-12  -2.96862884e-12
     2.73326949e-12   3.66424176e-12   4.49785278e-12   1.27260813e-12]
  [ -1.55045649e-12  -9.39532705e-13   3.26788531e-12  -7.06647502e-12
    -3.13024433e-12  -5.15291652e-12   1.27260813e-12   3.21347884e-11]]

 [[  1.46447712e-11   1.23843110e-12  -1.45614534e-11  -1.65094779e-14
    -2.02429330e-12  -2.92259298e-12  -9.63851237e-13   2.22308029e-13]
  [  1.23843110e-12   2.74055038e-11  -4.24343835e-12  -3.14922837e-13
     2.32501774e-13   3.86122171e-12  -2.62320097e-13  -2.77521207e-12]
  [ -1.45614534e-11  -4.24343835e-12   3.09463900e-11   1.89083227e-12
     1.45230204e-12   2.80088539e-13   1.76032186e-12   1.66014478e-12]
  [ -1.65094779e-14  -3.14922837e-13   1.89083227e-12   2.06608943e-11
    -1.98285049e-12   6.52062875e-12  -5.70955703e-13  -1.21797032e-12]
  [ -2.02429330e-12   2.32501774e-13   1.45230204e-12  -1.98285049e-12
     3.86110250e-11  -4.02601406e-12   1.58525261e-12  -1.04926706e-12]
  [ -2.92259298e-12   3.86122171e-12   2.80088539e-13   6.52062875e-12
    -4.02601406e-12   3.24061812e-11   3.03545461e-13  -2.69019334e-12]
  [ -9.63851237e-13  -2.62320097e-13   1.76032186e-12  -5.70955703e-13
     1.58525261e-12   3.03545461e-13   9.01725017e-12  -9.70544086e-13]
  [  2.22308029e-13  -2.77521207e-12   1.66014478e-12  -1.21797032e-12
    -1.04926706e-12  -2.69019334e-12  -9.70544086e-13   2.51658355e-11]]

 [[  1.33039235e-11  -5.01719125e-13  -2.57235218e-13   1.38447874e-12
    -1.41428979e-13   9.22646254e-14  -2.23447989e-12   1.63708487e-13]
  [ -5.01719125e-13   3.55756854e-11  -2.88156463e-12   2.80756670e-12
     3.64179053e-13   6.08089784e-13   6.61799481e-13  -1.45347574e-11]
  [ -2.57235218e-13  -2.88156463e-12   4.02825955e-11   1.30576938e-12
    -1.77288279e-12  -1.69076746e-12   3.77324995e-12   2.39232248e-12]
  [  1.38447874e-12   2.80756670e-12   1.30576938e-12   5.65228974e-11
    -2.04920883e-12  -7.38230871e-12  -2.74696078e-12   4.17012311e-13]
  [ -1.41428979e-13   3.64179053e-13  -1.77288279e-12  -2.04920883e-12
     5.30318422e-11  -6.14851741e-14   1.76983348e-12  -1.17682208e-12]
  [  9.22646254e-14   6.08089784e-13  -1.69076746e-12  -7.38230871e-12
    -6.14851741e-14   5.13667761e-11   3.24206844e-12  -4.13647402e-12]
  [ -2.23447989e-12   6.61799481e-13   3.77324995e-12  -2.74696078e-12
     1.76983348e-12   3.24206844e-12   5.08038337e-12   3.81190421e-12]
  [  1.63708487e-13  -1.45347574e-11   2.39232248e-12   4.17012311e-13
    -1.17682208e-12  -4.13647402e-12   3.81190421e-12   6.59185919e-11]]

 [[  2.30567506e-11  -2.07896658e-12  -2.99953497e-12  -1.41915621e-12
     1.23805668e-12  -2.11060153e-13   1.12057878e-11   6.73044883e-12]
  [ -2.07896658e-12   5.96516408e-11  -7.91729341e-12  -4.16341499e-12
     2.37898778e-12   4.22690888e-12  -6.48707026e-12  -9.70989335e-11]
  [ -2.99953497e-12  -7.91729341e-12   3.88562064e-11  -3.54987099e-12
    -4.32891668e-12  -1.51986792e-12  -1.41377620e-12   2.91584524e-11]
  [ -1.41915621e-12  -4.16341499e-12  -3.54987099e-12   5.34918361e-11
     2.34014306e-12  -3.58100226e-12   1.03306603e-12   2.26080104e-12]
  [  1.23805668e-12   2.37898778e-12  -4.32891668e-12   2.34014306e-12
     5.54679077e-11   1.98631587e-12  -6.87209200e-12  -1.16040879e-11]
  [ -2.11060153e-13   4.22690888e-12  -1.51986792e-12  -3.58100226e-12
     1.98631587e-12   5.78892617e-11  -1.06901435e-11  -1.86839617e-11]
  [  1.12057878e-11  -6.48707026e-12  -1.41377620e-12   1.03306603e-12
    -6.87209200e-12  -1.06901435e-11   1.61695710e-10   3.89896788e-11]
  [  6.73044883e-12  -9.70989335e-11   2.91584524e-11   2.26080104e-12
    -1.16040879e-11  -1.86839617e-11   3.89896788e-11   3.65947790e-10]]

 [[  3.50747130e-11   2.15699629e-11   1.35450931e-11   6.40466684e-12
     1.32600818e-11  -1.43457487e-11   4.29890163e-12  -8.28668803e-12]
  [  2.15699629e-11   2.98863497e-11  -1.39427984e-11   7.83604044e-12
     1.37790384e-11  -1.19597726e-11   1.25695991e-12  -5.53669252e-12]
  [  1.35450931e-11  -1.39427984e-11   7.57334739e-11   6.00557914e-12
    -1.44204349e-11  -4.13147016e-12   9.49598774e-12  -6.01836502e-13]
  [  6.40466684e-12   7.83604044e-12   6.00557914e-12   1.26631446e-10
    -7.16178221e-12  -6.47401242e-11  -9.90014016e-12  -1.79316355e-11]
  [  1.32600818e-11   1.37790384e-11  -1.44204349e-11  -7.16178221e-12
     8.44757516e-11  -8.46708986e-12   4.46095824e-12  -1.16993161e-12]
  [ -1.43457487e-11  -1.19597726e-11  -4.13147016e-12  -6.47401242e-11
    -8.46708986e-12   9.42687957e-11   9.28031944e-12   2.07077498e-11]
  [  4.29890163e-12   1.25695991e-12   9.49598774e-12  -9.90014016e-12
     4.46095824e-12   9.28031944e-12   1.61288378e-11   6.26970216e-12]
  [ -8.28668803e-12  -5.53669252e-12  -6.01836502e-13  -1.79316355e-11
    -1.16993161e-12   2.07077498e-11   6.26970216e-12   4.88379142e-11]]]
alpha =  ~ Dirichlet(alpha)
  alpha =
[ 1093.19336211  1506.68628047  2346.27164557  2180.18847179  3326.40951541
  3615.4192467   2354.6914483   6034.87117817  3933.82827868  1256.54057279]