mu =  ~ Gaussian(mu, Cov)
  mu = 
[[  3.32596424e+01  -2.78435898e+00   2.79600880e+00  -3.80544838e+00
   -1.15402351e-01   8.84787543e-01   3.22570566e+00   1.79436446e+00]
 [  6.90548244e+00  -1.29975723e-01   1.11169214e+00  -3.05317573e+00
    2.72467928e-01   1.33109108e+00   1.33499729e+00   4.61883290e-01]
 [  3.94475410e+01  -9.18257196e-01  -4.55231313e+00   1.16345237e+00
   -3.10074607e+00  -5.37210337e+00   1.65909926e+01   6.21322651e+00]
 [ -5.61112181e+00   2.95535429e+00   1.19381619e+00   1.44345820e+00
   -2.41871331e+00  -5.61129690e-02   8.60703278e-01   6.26030383e-01]
 [  1.94243392e+01   1.23716534e+00   6.44246718e+00  -3.71174442e+00
    3.53478694e-01   2.97441476e-03   1.73863941e+01  -4.08723730e+00]
 [ -2.23752177e+00  -1.51147242e+00   2.63271431e-01   2.25180188e+00
   -3.95731965e-02  -4.93062272e-01   5.78971412e-01  -3.70636512e-01]
 [ -1.30120790e+01  -2.73636023e+00  -6.90278111e+00  -6.91153927e-01
    1.62526697e+00  -1.41649221e+00  -4.05230658e-01   1.31467555e+00]
 [  2.25049714e+01   1.41123366e+01   8.43494965e+00   3.62304658e+00
   -3.52984009e+00  -3.27842995e+00   5.63711351e+00   7.41450732e-01]
 [ -1.00972335e-01   3.64514935e-01   7.11894501e-01  -5.25378207e-01
   -2.75505570e-01  -5.58986131e-01   5.57297897e-01   3.60327435e-01]
 [  4.09171886e+01  -9.87187901e-01  -2.42346431e+00  -2.37930992e+00
   -3.04042454e+00  -2.40563342e+00   6.05127514e-01   2.17731300e+00]]
  Cov = 
[[[  9.86340411e+01   1.40760353e-01   1.11435607e+00  -1.07445718e+00
     5.21616557e-01   5.79763692e-01  -2.30645554e+00  -6.49304286e-01]
  [  1.40760353e-01   8.06949000e+01   1.99209280e+00   2.03661488e-01
    -1.22210200e+00  -6.48460028e-01  -2.15348098e-01   1.65986565e+01]
  [  1.11435607e+00   1.99209280e+00   8.23576727e+01   4.48944473e-01
     6.98636293e-01   1.35897212e-01  -2.55092802e+00  -3.95528109e+00]
  [ -1.07445718e+00   2.03661488e-01   4.48944473e-01   7.56392130e+01
    -3.27649052e-01   4.18538561e+00   8.09081087e-01  -9.15023566e-01]
  [  5.21616557e-01  -1.22210200e+00   6.98636293e-01  -3.27649052e-01
     7.96184501e+01  -8.57594400e-01  -6.60692383e-02   1.98952901e+00]
  [  5.79763692e-01  -6.48460028e-01   1.35897212e-01   4.18538561e+00
    -8.57594400e-01   7.77547681e+01  -1.29342741e+00   4.24514785e+00]
  [ -2.30645554e+00  -2.15348098e-01  -2.55092802e+00   8.09081087e-01
    -6.60692383e-02  -1.29342741e+00   9.00665588e+01  -2.95045082e+00]
  [ -6.49304286e-01   1.65986565e+01  -3.95528109e+00  -9.15023566e-01
     1.98952901e+00   4.24514785e+00  -2.95045082e+00   5.15195694e+01]]

 [[  9.82171096e+01  -9.57869498e-01  -2.05875124e-01   2.98334270e-01
    -2.63245573e-01   9.46970136e-02   8.29171315e-01  -2.21672673e-01]
  [ -9.57869498e-01   9.78111807e+01  -2.08955161e-01   5.06040555e-01
    -1.18182836e-01  -1.92979959e-01   4.23183228e-01   9.85601578e-01]
  [ -2.05875124e-01  -2.08955161e-01   9.87260459e+01   5.85496605e-01
     9.41764586e-02  -3.22137810e-01  -8.74796987e-03  -6.68937264e-01]
  [  2.98334270e-01   5.06040555e-01   5.85496605e-01   9.82797610e+01
    -4.73669513e-02   1.98856150e-01  -1.04244800e-01   3.51960599e-01]
  [ -2.63245573e-01  -1.18182836e-01   9.41764586e-02  -4.73669513e-02
     9.88020074e+01  -1.92782697e-01   7.69615589e-02   3.79862324e-01]
  [  9.46970136e-02  -1.92979959e-01  -3.22137810e-01   1.98856150e-01
    -1.92782697e-01   9.80670108e+01  -2.53000228e-01   1.97851047e-02]
  [  8.29171315e-01   4.23183228e-01  -8.74796987e-03  -1.04244800e-01
     7.69615589e-02  -2.53000228e-01   9.94857829e+01   1.85692165e-01]
  [ -2.21672673e-01   9.85601578e-01  -6.68937264e-01   3.51960599e-01
     3.79862324e-01   1.97851047e-02   1.85692165e-01   9.53329163e+01]]

 [[  9.72955673e+01  -1.89161024e-02  -3.88066133e-01  -5.30606488e-02
     2.80867473e-01  -3.61107866e-01  -7.97186659e-01   3.26410847e-01]
  [ -1.89161024e-02   9.47841051e+01   2.75463811e-01  -2.06909473e-01
    -5.11251447e-01  -6.24347812e-02  -6.40188214e-01   3.48254352e+00]
  [ -3.88066133e-01   2.75463811e-01   9.58574715e+01  -4.79665188e-02
     3.09334352e-01   2.13405562e-02  -1.09218319e+00  -5.46341012e-01]
  [ -5.30606488e-02  -2.06909473e-01  -4.79665188e-02   9.50225272e+01
    -1.13778028e-01  -5.49065869e-01  -6.08939723e-02  -1.58162408e-01]
  [  2.80867473e-01  -5.11251447e-01   3.09334352e-01  -1.13778028e-01
     9.25246911e+01   3.86618654e-01  -3.36325844e-01   6.48120759e-01]
  [ -3.61107866e-01  -6.24347812e-02   2.13405562e-02  -5.49065869e-01
     3.86618654e-01   9.39643641e+01  -1.93138039e-01   5.61163450e-01]
  [ -7.97186659e-01  -6.40188214e-01  -1.09218319e+00  -6.08939723e-02
    -3.36325844e-01  -1.93138039e-01   9.46966750e+01   1.22947691e-01]
  [  3.26410847e-01   3.48254352e+00  -5.46341012e-01  -1.58162408e-01
     6.48120759e-01   5.61163450e-01   1.22947691e-01   8.65367202e+01]]

 [[  9.95798548e+01  -2.18519623e-01  -1.46283677e-01  -6.58776729e-02
     1.99539393e-01  -4.84949114e-02   1.46792830e-02   4.49097873e-02]
  [ -2.18519623e-01   9.97031459e+01   5.57507704e-02  -1.43779603e-02
     9.71412678e-02  -4.20811990e-02   6.00060611e-03   7.53835895e-02]
  [ -1.46283677e-01   5.57507704e-02   9.93031903e+01  -1.04389078e-01
    -6.35280956e-02   4.46385929e-02  -5.39422058e-02  -9.13950436e-02]
  [ -6.58776729e-02  -1.43779603e-02  -1.04389078e-01   9.88224564e+01
     9.97059962e-02   2.69102165e-01   1.53625493e-02   2.64262111e-02]
  [  1.99539393e-01   9.71412678e-02  -6.35280956e-02   9.97059962e-02
     9.91363683e+01  -4.54398386e-03  -8.28276847e-02  -7.06656471e-02]
  [ -4.84949114e-02  -4.20811990e-02   4.46385929e-02   2.69102165e-01
    -4.54398386e-03   9.92316070e+01  -7.20846819e-02  -1.38623908e-01]
  [  1.46792830e-02   6.00060611e-03  -5.39422058e-02   1.53625493e-02
    -8.28276847e-02  -7.20846819e-02   9.97758144e+01  -3.18556039e-02]
  [  4.49097873e-02   7.53835895e-02  -9.13950436e-02   2.64262111e-02
    -7.06656471e-02  -1.38623908e-01  -3.18556039e-02   9.93912949e+01]]

 [[  9.87505987e+01   1.04784952e-01   6.70648758e-01  -4.72135796e-01
    -1.13561993e-01   2.07816577e-01   3.79556801e-02  -3.15006964e-01]
  [  1.04784952e-01   9.68868383e+01   1.07370554e-01   3.71431472e-01
     2.05027692e-01   1.92159505e-01   7.13578762e-01   5.85419520e+00]
  [  6.70648758e-01   1.07370554e-01   9.73139229e+01   4.41422071e-01
     1.09545259e-01  -1.73945504e-01   8.92944511e-01  -1.13729763e+00]
  [ -4.72135796e-01   3.71431472e-01   4.41422071e-01   9.26184971e+01
     1.50208156e-01   2.67188963e+00  -7.19315765e-01  -6.47522027e-01]
  [ -1.13561993e-01   2.05027692e-01   1.09545259e-01   1.50208156e-01
     9.75428782e+01  -6.34104087e-01   3.58126419e-01  -3.42611077e-01]
  [  2.07816577e-01   1.92159505e-01  -1.73945504e-01   2.67188963e+00
    -6.34104087e-01   9.53714231e+01   2.06498576e-01   1.43723040e-01]
  [  3.79556801e-02   7.13578762e-01   8.92944511e-01  -7.19315765e-01
     3.58126419e-01   2.06498576e-01   9.35108557e+01  -7.31137755e-01]
  [ -3.15006964e-01   5.85419520e+00  -1.13729763e+00  -6.47522027e-01
    -3.42611077e-01   1.43723040e-01  -7.31137755e-01   7.96526246e+01]]

 [[  9.98517877e+01   4.85542080e-02  -6.57377081e-02  -1.36884480e-01
    -3.62378707e-02  -1.61337610e-02   2.21492235e-02   4.98790766e-02]
  [  4.85542080e-02   9.97096767e+01  -1.51321476e-01  -5.41915528e-02
     4.41758200e-02   4.76783032e-02   2.06641524e-02  -4.15945864e-02]
  [ -6.57377081e-02  -1.51321476e-01   9.97068634e+01  -1.87705133e-01
     3.25633112e-03   2.57454501e-02  -2.04447399e-02   2.18349833e-02]
  [ -1.36884480e-01  -5.41915528e-02  -1.87705133e-01   9.95781329e+01
    -1.56887093e-02  -7.07470011e-02  -5.06204026e-02   4.19873465e-03]
  [ -3.62378707e-02   4.41758200e-02   3.25633112e-03  -1.56887093e-02
     9.97868726e+01  -3.63098244e-02  -3.08450608e-04   5.35821631e-02]
  [ -1.61337610e-02   4.76783032e-02   2.57454501e-02  -7.07470011e-02
    -3.63098244e-02   9.96825121e+01  -2.68143910e-02   9.83788196e-03]
  [  2.21492235e-02   2.06641524e-02  -2.04447399e-02  -5.06204026e-02
    -3.08450608e-04  -2.68143910e-02   9.97919209e+01  -8.39062274e-03]
  [  4.98790766e-02  -4.15945864e-02   2.18349833e-02   4.19873465e-03
     5.35821631e-02   9.83788196e-03  -8.39062274e-03   9.95619012e+01]]

 [[  9.94026956e+01   2.23861206e-01   2.66058283e-01   1.51182417e-01
    -3.50148895e-02  -7.03912696e-03  -3.76683375e-03   3.78685288e-02]
  [  2.23861206e-01   9.88441929e+01  -1.37484286e-01   9.48705479e-02
    -4.23489156e-02   2.13836424e-02  -6.02684957e-02   8.98016312e-02]
  [  2.66058283e-01  -1.37484286e-01   9.90281902e+01   1.29497943e-01
     1.29597743e-01  -1.13832794e-01  -1.35703720e-01   2.99865372e-02]
  [  1.51182417e-01   9.48705479e-02   1.29497943e-01   9.86664992e+01
    -8.94573847e-02  -3.17870490e-01   6.41345732e-02  -5.49087238e-02]
  [ -3.50148895e-02  -4.23489156e-02   1.29597743e-01  -8.94573847e-02
     9.85689798e+01  -8.12264893e-02  -5.04057978e-02  -4.71367581e-03]
  [ -7.03912696e-03   2.13836424e-02  -1.13832794e-01  -3.17870490e-01
    -8.12264893e-02   9.83140370e+01  -1.25195937e-01   3.84280984e-02]
  [ -3.76683375e-03  -6.02684957e-02  -1.35703720e-01   6.41345732e-02
    -5.04057978e-02  -1.25195937e-01   9.97847401e+01  -2.40671655e-02]
  [  3.78685288e-02   8.98016312e-02   2.99865372e-02  -5.49087238e-02
    -4.71367581e-03   3.84280984e-02  -2.40671655e-02   9.88072181e+01]]

 [[  9.70073231e+01  -8.69577461e-02  -1.88809053e-01  -6.51148065e-02
    -1.35626036e-02   4.95891080e-01  -1.12739024e-01   5.73500810e-01]
  [ -8.69577461e-02   9.74281107e+01   5.09250084e-01  -3.04445252e-02
     1.85473539e-01   2.65214839e-01   3.34052632e-02   5.31134074e-01]
  [ -1.88809053e-01   5.09250084e-01   9.54469409e+01  -5.02454421e-02
    -3.96940228e-01   5.71234992e-01  -4.10865210e-01   4.49041503e-02]
  [ -6.51148065e-02  -3.04445252e-02  -5.02454421e-02   9.26390006e+01
    -7.73945822e-02   8.48824578e-01   3.52525106e-01   2.68545093e-01]
  [ -1.35626036e-02   1.85473539e-01  -3.96940228e-01  -7.73945822e-02
     9.51664239e+01   1.21764466e-01  -2.47315469e-01   2.87759495e-02]
  [  4.95891080e-01   2.65214839e-01   5.71234992e-01   8.48824578e-01
     1.21764466e-01   9.32352994e+01  -4.60624247e-01  -8.42908260e-02]
  [ -1.12739024e-01   3.34052632e-02  -4.10865210e-01   3.52525106e-01
    -2.47315469e-01  -4.60624247e-01   9.93499814e+01  -3.61395574e-01]
  [  5.73500810e-01   5.31134074e-01   4.49041503e-02   2.68545093e-01
     2.87759495e-02  -8.42908260e-02  -3.61395574e-01   9.50391454e+01]]

 [[  9.97461235e+01  -3.02380520e-01  -2.29617847e-01   3.56938884e-01
     5.75705907e-02   1.21521207e-01  -1.69306654e-01  -2.37872509e-01]
  [ -3.02380520e-01   9.92439385e+01  -3.88389091e-01   2.24935828e-01
     1.23545315e-01   5.59425669e-01  -5.53688030e-01  -6.65988042e-01]
  [ -2.29617847e-01  -3.88389091e-01   9.97224950e+01   2.49203749e-01
     7.48937593e-02   2.17989672e-01  -2.71153122e-01  -3.06195610e-01]
  [  3.56938884e-01   2.24935828e-01   2.49203749e-01   9.92464275e+01
    -2.49653809e-02   1.59429356e-01   3.03093700e-02   1.52672707e-01]
  [  5.75705907e-02   1.23545315e-01   7.48937593e-02  -2.49653809e-02
     9.99207658e+01  -1.23556985e-01   1.20738141e-01   1.07679813e-01]
  [  1.21521207e-01   5.59425669e-01   2.17989672e-01   1.59429356e-01
    -1.23556985e-01   9.92680980e+01   5.10009396e-01   5.71342017e-01]
  [ -1.69306654e-01  -5.53688030e-01  -2.71153122e-01   3.03093700e-02
     1.20738141e-01   5.10009396e-01   9.94935750e+01  -5.60817556e-01]
  [ -2.37872509e-01  -6.65988042e-01  -3.06195610e-01   1.52672707e-01
     1.07679813e-01   5.71342017e-01  -5.60817556e-01   9.91152635e+01]]

 [[  9.91380104e+01   1.28908961e-01   5.96433623e-01  -4.59194287e-01
     2.07544852e-03  -8.55882232e-02  -6.92403975e-02   1.40966330e-01]
  [  1.28908961e-01   8.69424302e+01  -5.07686837e-01  -6.73435342e-01
     1.34339359e-02  -7.10619499e-01  -4.00688071e-01   3.33564947e+00]
  [  5.96433623e-01  -5.07686837e-01   8.65225487e+01  -9.52261379e-03
     8.55064504e-02   2.57767801e-01  -1.35305446e+00   8.18936200e-02]
  [ -4.59194287e-01  -6.73435342e-01  -9.52261379e-03   8.11928292e+01
     1.47451306e-01  -4.45146153e-01   6.41520949e-01   1.08096118e+00]
  [  2.07544852e-03   1.34339359e-02   8.55064504e-02   1.47451306e-01
     8.50597869e+01  -1.12533854e+00  -7.88222035e-01   9.45649045e-01]
  [ -8.55882232e-02  -7.10619499e-01   2.57767801e-01  -4.45146153e-01
    -1.12533854e+00   8.24299701e+01  -1.66954371e+00   2.32480921e+00]
  [ -6.92403975e-02  -4.00688071e-01  -1.35305446e+00   6.41520949e-01
    -7.88222035e-01  -1.66954371e+00   9.88255823e+01  -7.20840796e-01]
  [  1.40966330e-01   3.33564947e+00   8.18936200e-02   1.08096118e+00
     9.45649045e-01   2.32480921e+00  -7.20840796e-01   8.25372326e+01]]]

Lambda = ~ Wishart(n, A)
  n =
[ 2136.39291663   544.53231399  2900.47096432   846.24838638  1256.39956461
   354.42530297  1597.58620013  3111.89363766    78.93460933  2613.116104  ]
  A =
[[[  3.27004316e-11  -1.08154266e-11  -2.61643563e-11   3.25151221e-11
    -1.55227412e-11  -1.96012559e-11   5.69564468e-11   3.56298734e-11]
  [ -1.08154266e-11   7.28876660e-10  -1.18435688e-10  -2.24855060e-11
     7.12505419e-11   7.98355799e-11  -2.65087010e-11  -9.62707129e-10]
  [ -2.61643563e-11  -1.18435688e-10   4.87755308e-10  -1.32089331e-11
    -3.03981157e-11  -1.72683458e-11   8.37703412e-11   2.51699353e-10]
  [  3.25151221e-11  -2.24855060e-11  -1.32089331e-11   7.15046855e-10
     8.74387329e-12  -1.59977451e-10  -2.58513798e-11   6.79661199e-11]
  [ -1.55227412e-11   7.12505419e-11  -3.03981157e-11   8.74387329e-12
     5.66272791e-10   3.79688802e-11  -3.16062437e-12  -1.37245617e-10]
  [ -1.96012559e-11   7.98355799e-11  -1.72683458e-11  -1.59977451e-10
     3.79688802e-11   6.50874080e-10   3.27337380e-11  -2.65323815e-10]
  [  5.69564468e-11  -2.65087010e-11   8.37703412e-11  -2.58513798e-11
    -3.16062437e-12   3.27337380e-11   2.51584140e-10   1.52874199e-10]
  [  3.56298734e-11  -9.62707129e-10   2.51699353e-10   6.79661199e-11
    -1.37245617e-10  -2.65323815e-10   1.52874199e-10   2.43237293e-09]]

 [[  6.23573630e-10   3.36735416e-10   7.20018483e-11  -1.10286525e-10
     9.64151909e-11  -3.57594362e-11  -2.90996342e-10   7.81017711e-11]
  [  3.36735416e-10   7.74480304e-10   6.91135060e-11  -1.76862850e-10
     4.85688932e-11   6.86765328e-11  -1.48806408e-10  -3.59373162e-10]
  [  7.20018483e-11   6.91135060e-11   4.48033369e-10  -2.05482517e-10
    -3.41920478e-11   1.12808499e-10   3.30612534e-12   2.40944305e-10]
  [ -1.10286525e-10  -1.76862850e-10  -2.05482517e-10   6.07048574e-10
     1.19334145e-11  -7.22446119e-11   3.91532509e-11  -1.28694516e-10]
  [  9.64151909e-11   4.85688932e-11  -3.41920478e-11   1.19334145e-11
     4.20035029e-10   6.76089144e-11  -2.90777275e-11  -1.45381238e-10]
  [ -3.57594362e-11   6.86765328e-11   1.12808499e-10  -7.22446119e-11
     6.76089144e-11   6.85982391e-10   9.13957248e-11  -1.49199464e-11]
  [ -2.90996342e-10  -1.48806408e-10   3.30612534e-12   3.91532509e-11
    -2.90777275e-11   9.13957248e-11   1.80655096e-10  -6.64827832e-11]
  [  7.81017711e-11  -3.59373162e-10   2.40944305e-10  -1.28694516e-10
    -1.45381238e-10  -1.49199464e-11  -6.64827832e-11   1.68713504e-09]]

 [[  3.35560659e-11   5.10626666e-13   5.19533026e-12   7.48274126e-13
    -3.73038265e-12   4.79982674e-12   1.06643308e-11  -4.78324230e-12]
  [  5.10626666e-13   6.89035014e-11  -4.01234453e-12   2.67125368e-12
     7.48545145e-12   1.23284422e-12   8.45182152e-12  -5.16936511e-11]
  [  5.19533026e-12  -4.01234453e-12   5.28209447e-11   5.02715942e-13
    -4.32654036e-12  -1.65658486e-13   1.44600363e-11   8.17651350e-12]
  [  7.48274126e-13   2.67125368e-12   5.02715942e-13   6.40271555e-11
     1.51073896e-12   7.42009308e-12   8.26079037e-13   2.25034055e-12]
  [ -3.73038265e-12   7.48545145e-12  -4.32654036e-12   1.51073896e-12
     9.85885131e-11  -5.30281434e-12   4.45665622e-12  -9.96874215e-12]
  [  4.79982674e-12   1.23284422e-12  -1.65658486e-13   7.42009308e-12
    -5.30281434e-12   7.84295446e-11   2.84212817e-12  -8.44103314e-12]
  [  1.06643308e-11   8.45182152e-12   1.44600363e-11   8.26079037e-13
     4.45665622e-12   2.84212817e-12   6.74584011e-11  -1.87850775e-12]
  [ -4.78324230e-12  -5.16936511e-11   8.17651350e-12   2.25034055e-12
    -9.96874215e-12  -8.44103314e-12  -1.87850775e-12   1.91593440e-10]]

 [[  6.07749366e-11   3.17457000e-11   2.06854287e-11   9.34848069e-12
    -2.90626648e-11   7.05032857e-12  -2.24239734e-12  -6.74757068e-12]
  [  3.17457000e-11   4.28735295e-11  -8.25885416e-12   1.93253086e-12
    -1.42099353e-11   6.14714403e-12  -9.99584233e-13  -1.10582978e-11]
  [  2.06854287e-11  -8.25885416e-12   1.00058871e-10   1.50742839e-11
     9.20412666e-12  -6.66916383e-12   7.79131156e-12   1.30741314e-11]
  [  9.34848069e-12   1.93253086e-12   1.50742839e-11   1.69845016e-10
    -1.45265002e-11  -3.91433452e-11  -2.30263379e-12  -3.74688470e-12]
  [ -2.90626648e-11  -1.42099353e-11   9.20412666e-12  -1.45265002e-11
     1.24532684e-10   4.59530328e-13   1.19618932e-11   1.02605643e-11]
  [  7.05032857e-12   6.14714403e-12  -6.66916383e-12  -3.91433452e-11
     4.59530328e-13   1.10693180e-10   1.02853156e-11   1.99658154e-11]
  [ -2.24239734e-12  -9.99584233e-13   7.79131156e-12  -2.30263379e-12
     1.19618932e-11   1.02853156e-11   3.20655558e-11   4.60342421e-12]
  [ -6.74757068e-12  -1.10582978e-11   1.30741314e-11  -3.74688470e-12
     1.02605643e-11   1.99658154e-11   4.60342421e-12   8.78047529e-11]]

 [[  8.13416121e-11  -9.22374868e-12  -4.56209407e-11   3.46250304e-11
     7.40668956e-12  -1.52140332e-11  -8.74343409e-13   2.61557962e-11]
  [ -9.22374868e-12   2.41815424e-10  -1.15715842e-11  -3.02835744e-11
    -1.62998649e-11  -1.17498482e-11  -5.57251348e-11  -4.98017798e-10]
  [ -4.56209407e-11  -1.15715842e-11   1.83138154e-10  -3.19235306e-11
    -6.68075732e-12   1.25083822e-11  -6.16700117e-11   9.41311370e-11]
  [  3.46250304e-11  -3.02835744e-11  -3.19235306e-11   5.27555118e-10
    -1.13047794e-11  -1.97350687e-10   5.24822639e-11   5.86076874e-11]
  [  7.40668956e-12  -1.62998649e-11  -6.68075732e-12  -1.13047794e-11
     1.64619206e-10   4.56649827e-11  -2.43331699e-11   2.94965388e-11]
  [ -1.52140332e-11  -1.17498482e-11   1.25083822e-11  -1.97350687e-10
     4.56649827e-11   3.23566480e-10  -1.59446884e-11  -1.41923033e-11]
  [ -8.74343409e-13  -5.57251348e-11  -6.16700117e-11   5.24822639e-11
    -2.43331699e-11  -1.59446884e-11   4.44807687e-10   7.30003805e-11]
  [  2.61557962e-11  -4.98017798e-10   9.41311370e-11   5.86076874e-11
     2.94965388e-11  -1.41923033e-11   7.30003805e-11   1.69068127e-09]]

 [[  1.23334347e-10  -3.90348552e-11   5.57554348e-11   1.14692056e-10
     2.94951111e-11   1.34070611e-11  -1.80617954e-11  -4.23946063e-11]
  [ -3.90348552e-11   2.40218033e-10   1.26349503e-10   4.67799562e-11
    -3.64663512e-11  -4.01175821e-11  -1.63334511e-11   3.37486357e-11]
  [  5.57554348e-11   1.26349503e-10   2.44210253e-10   1.57481890e-10
    -2.53201388e-12  -2.19397342e-11   1.68359542e-11  -1.89195789e-11]
  [  1.14692056e-10   4.67799562e-11   1.57481890e-10   3.50681409e-10
     1.28627278e-11   5.86600337e-11   4.10114109e-11  -4.30842153e-12]
  [  2.94951111e-11  -3.64663512e-11  -2.53201388e-12   1.28627278e-11
     1.75536304e-10   2.96501275e-11   9.63446309e-13  -4.45086600e-11]
  [  1.34070611e-11  -4.01175821e-11  -2.19397342e-11   5.86600337e-11
     2.96501275e-11   2.62867955e-10   2.26970427e-11  -7.79804404e-12]
  [ -1.80617954e-11  -1.63334511e-11   1.68359542e-11   4.10114109e-11
     9.63446309e-13   2.26970427e-11   1.69728595e-10   7.33726670e-12]
  [ -4.23946063e-11   3.37486357e-11  -1.89195789e-11  -4.30842153e-12
    -4.45086600e-11  -7.79804404e-12   7.33726670e-12   3.64630675e-10]]

 [[  2.30176446e-11  -8.89908612e-12  -1.03055070e-11  -5.92983936e-12
     1.39231483e-12   2.15967197e-13   1.51079325e-13  -1.37613925e-12]
  [ -8.89908612e-12   4.50402630e-11   5.53474110e-12  -3.72103884e-12
     1.59603238e-12  -7.59957277e-13   2.32847750e-12  -3.54731454e-12]
  [ -1.03055070e-11   5.53474110e-12   3.75428161e-11  -5.11517657e-12
    -5.11130406e-12   4.54852142e-12   5.26170757e-12  -1.21777907e-12]
  [ -5.92983936e-12  -3.72103884e-12  -5.11517657e-12   5.19304706e-11
     3.60725346e-12   1.25623995e-11  -2.50284334e-12   2.14116409e-12]
  [  1.39231483e-12   1.59603238e-12  -5.11130406e-12   3.60725346e-12
     5.56483345e-11   3.34343275e-12   1.93171383e-12   2.07434583e-13]
  [  2.15967197e-13  -7.59957277e-13   4.54852142e-12   1.25623995e-11
     3.34343275e-12   6.58151296e-11   4.88606316e-12  -1.51885903e-12]
  [  1.51079325e-13   2.32847750e-12   5.26170757e-12  -2.50284334e-12
     1.93171383e-12   4.88606316e-12   8.35571006e-12   9.05783265e-13]
  [ -1.37613925e-12  -3.54731454e-12  -1.21777907e-12   2.14116409e-12
     2.07434583e-13  -1.51885903e-12   9.05783265e-13   4.62397299e-11]]

 [[  3.21308031e-11   9.41303513e-13   1.90572139e-12   8.07340835e-13
     2.20551398e-13  -5.62294749e-12   1.16710313e-12  -6.46505298e-12]
  [  9.41303513e-13   2.77806005e-11  -5.70244452e-12   3.32546927e-13
    -2.07539630e-12  -3.06222442e-12  -3.91465565e-13  -5.92560130e-12]
  [  1.90572139e-12  -5.70244452e-12   5.00262032e-11   6.64445284e-13
     4.53118401e-12  -6.60779546e-12   4.54191529e-12  -4.69384063e-13]
  [  8.07340835e-13   3.32546927e-13   6.64445284e-13   8.26565683e-11
     9.89279528e-13  -9.84485442e-12  -4.03800043e-12  -3.24249138e-12]
  [  2.20551398e-13  -2.07539630e-12   4.53118401e-12   9.89279528e-13
     5.32671095e-11  -1.47510762e-12   2.77288889e-12  -3.19978949e-13]
  [ -5.62294749e-12  -3.06222442e-12  -6.60779546e-12  -9.84485442e-12
    -1.47510762e-12   7.58120205e-11   5.19280225e-12   1.03145311e-12]
  [  1.16710313e-12  -3.91465565e-13   4.54191529e-12  -4.03800043e-12
     2.77288889e-12   5.19280225e-12   6.86247079e-12   3.97288345e-12]
  [ -6.46505298e-12  -5.92560130e-12  -4.69384063e-13  -3.24249138e-12
    -3.19978949e-13   1.03145311e-12   3.97288345e-12   5.44370104e-11]]

 [[  4.65624311e-09   5.60576296e-09   4.22492941e-09  -6.53902422e-09
    -1.05141253e-09  -2.26061477e-09   3.14535835e-09   4.42852940e-09]
  [  5.60576296e-09   1.40010665e-08   7.17378409e-09  -4.20913199e-09
    -2.26526794e-09  -1.03291677e-08   1.02256197e-08   1.23542689e-08]
  [  4.22492941e-09   7.17378409e-09   5.09024774e-09  -4.60048583e-09
    -1.36690782e-09  -4.01823599e-09   4.98948915e-09   5.67496969e-09]
  [ -6.53902422e-09  -4.20913199e-09  -4.60048583e-09   1.37454788e-08
     4.63154785e-10  -2.83543337e-09  -6.29688961e-10  -2.88724126e-09]
  [ -1.05141253e-09  -2.26526794e-09  -1.36690782e-09   4.63154785e-10
     1.42777728e-09   2.24259577e-09  -2.19453246e-09  -1.97089997e-09]
  [ -2.26061477e-09  -1.03291677e-08  -4.01823599e-09  -2.83543337e-09
     2.24259577e-09   1.33666314e-08  -9.35388649e-09  -1.05297716e-08]
  [  3.14535835e-09   1.02256197e-08   4.98948915e-09  -6.29688961e-10
    -2.19453246e-09  -9.35388649e-09   9.27437791e-09   1.03280082e-08]
  [  4.42852940e-09   1.23542689e-08   5.67496969e-09  -2.88724126e-09
    -1.97089997e-09  -1.05297716e-08   1.03280082e-08   1.62713947e-08]]

 [[  1.25587757e-11  -2.11971331e-12  -1.03296992e-11   8.37204123e-12
    -3.14035706e-14   1.63281885e-12   8.12710965e-13  -2.42518929e-12]
  [ -2.11971331e-12   2.22743767e-10   1.00255055e-11   1.53966162e-11
     6.52184525e-13   1.64594260e-11   6.57812929e-12  -6.84457795e-11]
  [ -1.03296992e-11   1.00255055e-11   2.29721988e-10   3.34473925e-13
    -2.13267016e-12  -4.95822512e-12   2.30765976e-11  -2.37582402e-12]
  [  8.37204123e-12   1.53966162e-11   3.34473925e-13   3.40868139e-10
    -3.26625039e-12   9.60344284e-12  -1.16637534e-11  -2.43666887e-11]
  [ -3.14035706e-14   6.52184525e-13  -2.13267016e-12  -3.26625039e-12
     2.58304102e-10   2.41094676e-11   1.39322630e-11  -2.01211860e-11]
  [  1.63281885e-12   1.64594260e-11  -4.95822512e-12   9.60344284e-12
     2.41094676e-11   3.15127483e-10   2.98013966e-11  -5.11856445e-11]
  [  8.12710965e-13   6.57812929e-12   2.30765976e-11  -1.16637534e-11
     1.39322630e-11   2.98013966e-11   1.83071302e-11   1.16509438e-11]
  [ -2.42518929e-12  -6.84457795e-11  -2.37582402e-12  -2.43666887e-11
    -2.01211860e-11  -5.11856445e-11   1.16509438e-11   3.13249249e-10]]]
alpha =  ~ Dirichlet(alpha)
  alpha =
[ 2128.40291663   536.54231399  2892.48096432   838.25838638  1248.40956461
   346.43530297  1589.59620013  3103.90363766    70.94460933  2605.126104  ]