mu =  ~ Gaussian(mu, Cov)
  mu = 
[[  3.87431796e-01   1.32680592e+00  -1.14402220e+00  -3.94514681e-01
    1.10955271e+00   3.77973515e-01   7.95516099e-01  -5.38964057e-01]
 [  1.23969351e+01  -5.78268399e-01  -1.49255110e+00  -1.89121742e+00
    1.69122705e+00   3.66193037e+00   4.40674964e+00  -4.14444063e-02]
 [ -7.46379160e+00  -4.81787228e+00  -7.14320669e+00   3.03900238e+00
    5.63820541e-01   8.45221457e-01   8.13259186e+00   2.31775690e+00]
 [ -2.85928859e+00  -1.25733731e+00   3.89849855e-02  -1.74302504e+00
    2.31272196e+00  -1.23838314e+00   2.73889451e+00   3.80215533e+00]
 [ -1.79147669e+01   6.68322788e+00  -6.81825318e+00   4.71698400e+00
   -9.67269020e-01  -1.35796182e+00   4.80790399e+00   3.51701632e-01]
 [ -1.91149702e+01  -2.83664133e+00  -5.05566744e+00   2.46736441e+00
   -3.28626776e-01  -1.78425939e+00   9.19740173e+00   4.70428674e-01]
 [  8.33802463e-01   1.57633745e+00  -3.36770588e-01  -4.93179117e-01
   -1.93425810e-01   2.34960016e-02   1.18410474e-01  -2.94935494e-01]
 [  3.08277351e+01   9.57988862e+00  -6.99424523e+00   2.75044651e+00
    2.27815030e+00  -2.11169451e+00   1.63227491e+01   3.80341521e+00]
 [  5.43663180e+00  -1.69071922e+01  -1.56518245e+00   1.34808932e+01
   -8.56810304e+00  -5.10900662e+00   8.79148395e+00   7.08942419e+00]
 [  2.81492186e+01  -1.14079292e+00  -1.49047293e-01   1.83986794e+00
   -2.81225802e+00   7.23141808e-01  -1.67617321e+00   6.99319810e-01]]
  Cov = 
[[[  4.50247078e+01   1.05556473e+01   1.01237939e+01   2.05898732e+01
    -1.54263172e+01   3.48039511e+01  -9.03093470e+00  -1.71768478e+01]
  [  1.05556473e+01   6.54287358e+01   1.65994395e+01   4.12983406e+00
    -2.28554851e+01  -1.31900950e+01  -2.14522171e+01   2.63539099e+01]
  [  1.01237939e+01   1.65994395e+01   8.74041950e+01  -8.41723573e+00
     1.74706920e+01  -2.56024788e+00   1.47123903e+01  -9.99383683e+00]
  [  2.05898732e+01   4.12983406e+00  -8.41723573e+00   9.01218304e+01
     1.22506105e+01  -1.16354778e+01   9.10589099e+00   4.10329034e-01]
  [ -1.54263172e+01  -2.28554851e+01   1.74706920e+01   1.22506105e+01
     7.51079841e+01   4.76823393e+00  -2.10010264e+01   1.35786054e+01]
  [  3.48039511e+01  -1.31900950e+01  -2.56024788e+00  -1.16354778e+01
     4.76823393e+00   7.61595186e+01   1.17977375e+00   1.49841545e+01]
  [ -9.03093470e+00  -2.14522171e+01   1.47123903e+01   9.10589099e+00
    -2.10010264e+01   1.17977375e+00   8.17437068e+01   1.34699113e+01]
  [ -1.71768478e+01   2.63539099e+01  -9.99383683e+00   4.10329034e-01
     1.35786054e+01   1.49841545e+01   1.34699113e+01   7.75343226e+01]]

 [[  9.91754677e+01   2.31528590e-01   5.75928288e-01  -1.01801502e+00
     1.46925122e-01   1.02989400e+00  -2.15090024e+00  -1.06423368e+00]
  [  2.31528590e-01   8.71169004e+01   2.78718222e+00   1.41937017e+00
    -4.56915793e-01  -1.09860324e+00   7.78439171e-01   1.64385443e+01]
  [  5.75928288e-01   2.78718222e+00   9.21181840e+01   4.11693761e+00
     1.67758743e+00  -2.16012001e+00  -1.36931588e+00  -3.81458165e+00]
  [ -1.01801502e+00   1.41937017e+00   4.11693761e+00   9.11328654e+01
    -1.27174838e+00   1.84858696e+00  -6.09184571e-01  -5.68146342e-01]
  [  1.46925122e-01  -4.56915793e-01   1.67758743e+00  -1.27174838e+00
     9.37013979e+01   6.00636924e-01   4.47165234e-01   9.83838659e-01]
  [  1.02989400e+00  -1.09860324e+00  -2.16012001e+00   1.84858696e+00
     6.00636924e-01   9.23131150e+01   1.36585105e+00   6.00511643e+00]
  [ -2.15090024e+00   7.78439171e-01  -1.36931588e+00  -6.09184571e-01
     4.47165234e-01   1.36585105e+00   8.94836673e+01  -3.61137601e+00]
  [ -1.06423368e+00   1.64385443e+01  -3.81458165e+00  -5.68146342e-01
     9.83838659e-01   6.00511643e+00  -3.61137601e+00   6.08962432e+01]]

 [[  9.93008863e+01   3.25271789e-01   3.44486984e-01  -8.94846554e-02
    -5.34221394e-02  -1.59626358e-01  -4.13030986e-01  -1.51355909e-01]
  [  3.25271789e-01   9.89458747e+01  -1.29139850e-01   4.53314777e-02
     1.80770097e-01   1.07415282e-01   1.95969514e-02   1.76283452e-01]
  [  3.44486984e-01  -1.29139850e-01   9.91132343e+01   5.59444030e-02
    -2.63634727e-02   2.26413289e-02   5.86236410e-02  -3.80716104e-04]
  [ -8.94846554e-02   4.53314777e-02   5.59444030e-02   9.90640198e+01
    -2.02946547e-02  -2.90959579e-01   3.10090777e-01   5.26232458e-02]
  [ -5.34221394e-02   1.80770097e-01  -2.63634727e-02  -2.02946547e-02
     9.86046063e+01  -1.84108611e-01   2.38271621e-01  -4.71405395e-01]
  [ -1.59626358e-01   1.07415282e-01   2.26413289e-02  -2.90959579e-01
    -1.84108611e-01   9.85581930e+01   4.64061296e-01  -2.21591195e-01]
  [ -4.13030986e-01   1.95969514e-02   5.86236410e-02   3.10090777e-01
     2.38271621e-01   4.64061296e-01   9.49621009e+01  -1.64847337e-02]
  [ -1.51355909e-01   1.76283452e-01  -3.80716104e-04   5.26232458e-02
    -4.71405395e-01  -2.21591195e-01  -1.64847337e-02   9.44505675e+01]]

 [[  9.93008680e+01   6.52149486e-02  -3.72691570e-01   3.22698870e-01
    -2.34213224e-01  -6.22482474e-02  -1.50129845e-02  -5.88312537e-01]
  [  6.52149486e-02   9.95444828e+01  -5.95957391e-03   8.41615868e-02
    -1.96120097e-01  -1.34125745e-01  -4.26959017e-02   1.32130956e-01]
  [ -3.72691570e-01  -5.95957391e-03   9.91653087e+01   2.30018041e-01
     1.56245715e-01  -2.79590102e-01  -9.04949196e-02  -5.24533987e-01]
  [  3.22698870e-01   8.41615868e-02   2.30018041e-01   9.87331372e+01
     2.35748578e-01   3.06747738e-01  -1.33728867e-01   2.09737779e-01]
  [ -2.34213224e-01  -1.96120097e-01   1.56245715e-01   2.35748578e-01
     9.90251771e+01  -2.48752295e-01   1.79665315e-01   1.39800966e-02]
  [ -6.22482474e-02  -1.34125745e-01  -2.79590102e-01   3.06747738e-01
    -2.48752295e-01   9.89090463e+01  -8.76162980e-02  -4.44214204e-02]
  [ -1.50129845e-02  -4.26959017e-02  -9.04949196e-02  -1.33728867e-01
     1.79665315e-01  -8.76162980e-02   9.94142626e+01   2.76366569e-01]
  [ -5.88312537e-01   1.32130956e-01  -5.24533987e-01   2.09737779e-01
     1.39800966e-02  -4.44214204e-02   2.76366569e-01   9.86210168e+01]]

 [[  9.92471141e+01  -5.47385066e-01   8.74856692e-02  -1.33672302e-01
     1.22412225e-01  -1.78215367e-02  -9.70733401e-02   2.28079565e-02]
  [ -5.47385066e-01   9.89494984e+01   3.52183234e-01  -1.41901039e-01
     1.08353711e-02  -4.62127324e-02  -1.39358746e-02   6.42682073e-02]
  [  8.74856692e-02   3.52183234e-01   9.83159782e+01  -9.48796681e-02
     8.21672475e-03   1.30723220e-01  -2.95485731e-01  -1.15128262e-01]
  [ -1.33672302e-01  -1.41901039e-01  -9.48796681e-02   9.80456592e+01
     2.06491252e-01   3.20389884e-01   1.14574664e-01   3.12137457e-02]
  [  1.22412225e-01   1.08353711e-02   8.21672475e-03   2.06491252e-01
     9.76115993e+01   2.11825913e-01  -1.19468533e-01  -1.59331888e-01]
  [ -1.78215367e-02  -4.62127324e-02   1.30723220e-01   3.20389884e-01
     2.11825913e-01   9.84238338e+01  -9.07264390e-02  -1.21315134e-01]
  [ -9.70733401e-02  -1.39358746e-02  -2.95485731e-01   1.14574664e-01
    -1.19468533e-01  -9.07264390e-02   9.92303970e+01   7.25785547e-03]
  [  2.28079565e-02   6.42682073e-02  -1.15128262e-01   3.12137457e-02
    -1.59331888e-01  -1.21315134e-01   7.25785547e-03   9.85828335e+01]]

 [[  9.96270003e+01   1.37374578e-01   2.02671674e-02   5.83743285e-02
     1.56283536e-02   7.77117374e-03   5.49901232e-01  -1.00798014e-01]
  [  1.37374578e-01   9.91133216e+01  -1.33665456e-01   3.63995902e-02
     5.04407784e-02  -7.21075094e-02   1.34607999e-01   8.03403332e-03]
  [  2.02671674e-02  -1.33665456e-01   9.93465293e+01   4.16055988e-02
    -9.99590538e-03  -5.80271540e-02   1.24622245e-01   6.58119223e-03]
  [  5.83743285e-02   3.63995902e-02   4.16055988e-02   9.91110624e+01
    -9.46717517e-02  -2.17920961e-01  -1.44164694e-01   1.51457967e-03]
  [  1.56283536e-02   5.04407784e-02  -9.99590538e-03  -9.46717517e-02
     9.88016972e+01  -3.33942710e-02  -1.06277131e-01   1.54208767e-02]
  [  7.77117374e-03  -7.21075094e-02  -5.80271540e-02  -2.17920961e-01
    -3.33942710e-02   9.87386300e+01   4.22984523e-02   7.62498229e-02]
  [  5.49901232e-01   1.34607999e-01   1.24622245e-01  -1.44164694e-01
    -1.06277131e-01   4.22984523e-02   9.79208109e+01   1.25559816e-01]
  [ -1.00798014e-01   8.03403332e-03   6.58119223e-03   1.51457967e-03
     1.54208767e-02   7.62498229e-02   1.25559816e-01   9.88227023e+01]]

 [[  9.78834513e+01  -2.38403171e+00   3.35636427e-01   3.61061950e-01
     6.28554828e-04   1.00677278e-01  -3.62533951e-01   8.91801885e-01]
  [ -2.38403171e+00   9.56724831e+01   4.83708630e-02   6.99076048e-01
     7.75720425e-01   4.58916485e-01  -9.98606444e-01   5.16641933e-01]
  [  3.35636427e-01   4.83708630e-02   9.97784462e+01   2.88928607e-02
     1.01889433e-01   5.16080019e-02  -1.34523359e-01  -3.32305354e-01]
  [  3.61061950e-01   6.99076048e-01   2.88928607e-02   9.97192731e+01
    -3.89820761e-02  -8.46353190e-02   1.21595850e-01  -1.34033035e-02]
  [  6.28554828e-04   7.75720425e-01   1.01889433e-01  -3.89820761e-02
     9.93451401e+01  -9.83541298e-02   2.63117092e-01   1.27288980e-01]
  [  1.00677278e-01   4.58916485e-01   5.16080019e-02  -8.46353190e-02
    -9.83541298e-02   9.98742745e+01   1.55919457e-01   8.78590702e-02]
  [ -3.62533951e-01  -9.98606444e-01  -1.34523359e-01   1.21595850e-01
     2.63117092e-01   1.55919457e-01   9.96339453e+01  -9.52892957e-02]
  [  8.91801885e-01   5.16641933e-01  -3.32305354e-01  -1.34033035e-02
     1.27288980e-01   8.78590702e-02  -9.52892957e-02   9.93432214e+01]]

 [[  9.61104860e+01  -5.13006593e-01   8.35710408e-02   8.92586789e-02
     2.94742508e-01   1.33541932e-01  -1.52058153e+00   9.26131852e-01]
  [ -5.13006593e-01   9.42752767e+01   7.28509277e-01   2.00006050e-01
    -1.83080319e-01  -1.39512955e-01   6.75207706e-01   5.13516979e+00]
  [  8.35710408e-02   7.28509277e-01   9.44206623e+01  -1.13793411e-02
     3.29290060e-01   5.33146373e-02  -7.83439080e-01  -1.10270815e+00]
  [  8.92586789e-02   2.00006050e-01  -1.13793411e-02   9.22043233e+01
    -2.37710652e-01   5.88416452e-01   4.47704986e-01  -7.52063097e-01]
  [  2.94742508e-01  -1.83080319e-01   3.29290060e-01  -2.37710652e-01
     9.28207401e+01   8.99248366e-02   2.48936765e-02  -3.98598286e-02]
  [  1.33541932e-01  -1.39512955e-01   5.33146373e-02   5.88416452e-01
     8.99248366e-02   9.27862236e+01  -1.43233736e-01   6.15003396e-01]
  [ -1.52058153e+00   6.75207706e-01  -7.83439080e-01   4.47704986e-01
     2.48936765e-02  -1.43233736e-01   9.59418434e+01  -2.02425168e+00]
  [  9.26131852e-01   5.13516979e+00  -1.10270815e+00  -7.52063097e-01
    -3.98598286e-02   6.15003396e-01  -2.02425168e+00   8.06603664e+01]]

 [[  9.70295632e+01   6.88962932e-01  -5.19399422e-01  -1.73421970e-01
     4.44380667e-01   2.50770849e-01  -4.99894831e-02   6.98788390e-03]
  [  6.88962932e-01   9.61097617e+01  -7.63043765e-01  -2.69768270e-01
     3.90518670e-01   1.49493862e-02  -3.35072049e-01   1.84542392e-01]
  [ -5.19399422e-01  -7.63043765e-01   9.54471710e+01  -3.82395446e-01
    -1.93316510e-01   2.70065309e-01  -5.17999948e-01   2.08479832e-01]
  [ -1.73421970e-01  -2.69768270e-01  -3.82395446e-01   9.29098336e+01
    -1.45320203e-01   2.91769000e-01   4.83943346e-01   6.24979911e-01]
  [  4.44380667e-01   3.90518670e-01  -1.93316510e-01  -1.45320203e-01
     9.45791961e+01  -5.55362053e-01  -2.94609817e-01   1.53281984e-01]
  [  2.50770849e-01   1.49493862e-02   2.70065309e-01   2.91769000e-01
    -5.55362053e-01   9.30613723e+01  -4.71454636e-01   9.61759946e-01]
  [ -4.99894831e-02  -3.35072049e-01  -5.17999948e-01   4.83943346e-01
    -2.94609817e-01  -4.71454636e-01   9.92594446e+01  -3.45820291e-01]
  [  6.98788390e-03   1.84542392e-01   2.08479832e-01   6.24979911e-01
     1.53281984e-01   9.61759946e-01  -3.45820291e-01   9.48568331e+01]]

 [[  9.92097505e+01  -2.58830946e-01   5.16917002e-01  -5.72819515e-01
     9.43829285e-02   3.04949231e-01  -5.24815869e-01   4.03220989e-01]
  [ -2.58830946e-01   8.69429123e+01   8.12096580e-01  -8.35940828e-01
     7.96852147e-01  -8.33220548e-01  -4.97459035e-01   4.08125020e+00]
  [  5.16917002e-01   8.12096580e-01   8.87769129e+01   2.94725889e-01
    -8.75844751e-01   6.69233081e-01  -1.10043357e+00  -5.20941161e-01]
  [ -5.72819515e-01  -8.35940828e-01   2.94725889e-01   8.40840166e+01
     3.18990544e-01   1.34634681e+00   5.18951521e-01   1.32881854e+00]
  [  9.43829285e-02   7.96852147e-01  -8.75844751e-01   3.18990544e-01
     8.47290111e+01  -2.55985278e+00  -8.42011834e-01   1.56973879e+00]
  [  3.04949231e-01  -8.33220548e-01   6.69233081e-01   1.34634681e+00
    -2.55985278e+00   8.33911179e+01  -9.19590812e-01   1.32136563e+00]
  [ -5.24815869e-01  -4.97459035e-01  -1.10043357e+00   5.18951521e-01
    -8.42011834e-01  -9.19590812e-01   9.76478465e+01  -3.28218028e-01]
  [  4.03220989e-01   4.08125020e+00  -5.20941161e-01   1.32881854e+00
     1.56973879e+00   1.32136563e+00  -3.28218028e-01   8.25932711e+01]]]

Lambda = ~ Wishart(n, A)
  n =
[   13.99999325   760.00750834  1121.18106013   593.51024964  2104.04624857
  2100.66119574    24.43737916  3539.85055285  3344.99360847  1837.31220386]
  A =
[[[  6.38123797e-02  -1.23019248e-02  -1.16543138e-02  -2.39640253e-02
     1.79396854e-02  -4.05897085e-02   1.05266595e-02   1.98430664e-02]
  [ -1.23019248e-02   4.01327432e-02  -1.92545929e-02  -4.85096408e-03
     2.65473258e-02   1.52119506e-02   2.48821323e-02  -3.07749412e-02]
  [ -1.16543138e-02  -1.92545929e-02   1.43716219e-02   9.76938931e-03
    -2.03617137e-02   3.20673234e-03  -1.72458407e-02   1.17211777e-02]
  [ -2.39640253e-02  -4.85096408e-03   9.76938931e-03   1.13749732e-02
    -1.42628264e-02   1.33905615e-02  -1.07027561e-02  -6.92311314e-04]
  [  1.79396854e-02   2.65473258e-02  -2.03617137e-02  -1.42628264e-02
     2.88867337e-02  -5.54142539e-03   2.43438934e-02  -1.58362785e-02]
  [ -4.05897085e-02   1.52119506e-02   3.20673234e-03   1.33905615e-02
    -5.54142539e-03   2.72639263e-02  -1.43139213e-03  -1.78931070e-02]
  [  1.05266595e-02   2.48821323e-02  -1.72458407e-02  -1.07027561e-02
     2.43438934e-02  -1.43139213e-03   2.09160034e-02  -1.59327855e-02]
  [  1.98430664e-02  -3.07749412e-02   1.17211777e-02  -6.92311314e-04
    -1.58362785e-02  -1.78931070e-02  -1.59327855e-02   2.54047801e-02]]

 [[  1.70717930e-10  -1.26435820e-10  -1.03420420e-10   2.22076434e-10
    -2.95340253e-11  -2.46606680e-10   4.62282639e-10   3.97748179e-10]
  [ -1.26435820e-10   3.80677663e-09  -8.53947620e-10  -3.63826431e-10
     1.50999580e-10   6.70968254e-10  -4.32284602e-10  -5.99708583e-09]
  [ -1.03420420e-10  -8.53947620e-10   1.65624019e-09  -8.56175608e-10
    -3.49299547e-10   3.40090932e-10   3.32529986e-10   1.43170741e-09]
  [  2.22076434e-10  -3.63826431e-10  -8.56175608e-10   1.84193043e-09
     2.69247993e-10  -4.48368125e-10   1.60396043e-10   2.99003935e-10]
  [ -2.95340253e-11   1.50999580e-10  -3.49299547e-10   2.69247993e-10
     1.22325722e-09  -7.58335203e-11  -1.11591253e-10  -3.75775829e-10]
  [ -2.46606680e-10   6.70968254e-10   3.40090932e-10  -4.48368125e-10
    -7.58335203e-11   1.68920170e-09  -4.09185726e-10  -2.13444523e-09]
  [  4.62282639e-10  -4.32284602e-10   3.32529986e-10   1.60396043e-10
    -1.11591253e-10  -4.09185726e-10   2.19815268e-09   1.36333878e-09]
  [  3.97748179e-10  -5.99708583e-09   1.43170741e-09   2.99003935e-10
    -3.75775829e-10  -2.13444523e-09   1.36333878e-09   1.35441263e-08]]

 [[  5.60795798e-11  -2.68554644e-11  -2.76315600e-11   7.37139427e-12
     4.34556458e-12   1.36462111e-11   3.37957916e-11   1.22730295e-11]
  [ -2.68554644e-11   8.49996574e-11   1.08809260e-11  -3.88413635e-12
    -1.50869003e-11  -9.30779404e-12  -1.46410928e-12  -1.27301423e-11]
  [ -2.76315600e-11   1.08809260e-11   7.09482801e-11  -4.68417778e-12
     2.30507281e-12  -2.09835645e-12  -4.76153628e-12   1.16794183e-13]
  [  7.37139427e-12  -3.88413635e-12  -4.68417778e-12   7.53160384e-11
     2.00875614e-12   2.42564095e-11  -2.67968810e-11  -4.19715431e-12]
  [  4.34556458e-12  -1.50869003e-11   2.30507281e-12   2.00875614e-12
     1.12784697e-10   1.56509444e-11  -1.97934724e-11   4.01672459e-11]
  [  1.36462111e-11  -9.30779404e-12  -2.09835645e-12   2.42564095e-11
     1.56509444e-11   1.17361367e-10  -3.94114417e-11   1.95446896e-11]
  [  3.37957916e-11  -1.46410928e-12  -4.76153628e-12  -2.67968810e-11
    -1.97934724e-11  -3.94114417e-11   4.21078460e-10   1.15495174e-12]
  [  1.22730295e-11  -1.27301423e-11   1.16794183e-13  -4.19715431e-12
     4.01672459e-11   1.95446896e-11   1.15495174e-12   4.63039035e-10]]

 [[  2.05670903e-10  -2.06821447e-11   1.10041008e-10  -9.71463550e-11
     6.70724005e-11   1.95102428e-11   4.18516447e-12   1.75841567e-10]
  [ -2.06821447e-11   1.35027631e-10   2.63686182e-12  -2.47777162e-11
     5.72298735e-11   4.05035065e-11   1.32214276e-11  -3.97761542e-11]
  [  1.10041008e-10   2.63686182e-12   2.45637543e-10  -7.04234556e-11
    -4.52059624e-11   8.39680929e-11   2.68314887e-11   1.55689205e-10]
  [ -9.71463550e-11  -2.47777162e-11  -7.04234556e-11   3.74976596e-10
    -7.00267670e-11  -9.17301928e-11   3.98939845e-11  -6.45281435e-11]
  [  6.70724005e-11   5.72298735e-11  -4.52059624e-11  -7.00267670e-11
     2.84748113e-10   7.40578591e-11  -5.24794349e-11  -3.80281065e-12]
  [  1.95102428e-11   4.05035065e-11   8.39680929e-11  -9.17301928e-11
     7.40578591e-11   3.21853337e-10   2.62923100e-11   1.33700629e-11]
  [  4.18516447e-12   1.32214276e-11   2.68314887e-11   3.98939845e-11
    -5.24794349e-11   2.62923100e-11   1.73133484e-10  -8.23409726e-11]
  [  1.75841567e-10  -3.97761542e-11   1.55689205e-10  -6.45281435e-11
    -3.80281065e-12   1.33700629e-11  -8.23409726e-11   4.10927537e-10]]

 [[  1.72043705e-11   1.25665162e-11  -1.95475336e-12   3.20583056e-12
    -2.93868161e-12   3.85063097e-13   2.20100790e-12  -5.25672284e-13]
  [  1.25665162e-11   2.41417342e-11  -8.09615966e-12   3.37461264e-12
    -3.62645191e-13   1.06204988e-12   3.17010095e-13  -1.49181787e-12]
  [ -1.95475336e-12  -8.09615966e-12   3.88010402e-11   2.28877263e-12
    -1.35654421e-13  -3.08989852e-12   6.75573601e-12   2.67899794e-12]
  [  3.20583056e-12   3.37461264e-12   2.28877263e-12   4.53811801e-11
    -4.85672892e-12  -7.54677807e-12  -2.64543651e-12  -7.80884860e-13]
  [ -2.93868161e-12  -3.62645191e-13  -1.35654421e-13  -4.85672892e-12
     5.53111255e-11  -4.91042956e-12   2.80074093e-12   3.74432279e-12]
  [  3.85063097e-13   1.06204988e-12  -3.08989852e-12  -7.54677807e-12
    -4.91042956e-12   3.64433227e-11   2.11849916e-12   2.84543329e-12]
  [  2.20100790e-12   3.17010095e-13   6.75573601e-12  -2.64543651e-12
     2.80074093e-12   2.11849916e-12   1.75473039e-11  -1.13886155e-13]
  [ -5.25672284e-13  -1.49181787e-12   2.67899794e-12  -7.80884860e-13
     3.74432279e-12   2.84543329e-12  -1.13886155e-13   3.26861378e-11]]

 [[  8.56822249e-12  -3.12305253e-12  -4.54821989e-13  -1.36783302e-12
    -3.39180822e-13  -1.95553488e-13  -1.28457724e-11   2.33250011e-12]
  [ -3.12305253e-12   2.02295799e-11   3.08909490e-12  -8.35550613e-13
    -1.17463178e-12   1.67747941e-12  -3.17185517e-12  -1.95108630e-13]
  [ -4.54821989e-13   3.08909490e-12   1.48388291e-11  -9.52171304e-13
     2.21522418e-13   1.33894986e-12  -2.90697381e-12  -1.60275273e-13]
  [ -1.36783302e-12  -8.35550613e-13  -9.52171304e-13   2.02392980e-11
     2.18196012e-12   5.04093554e-12   3.39038264e-12  -5.33809619e-14]
  [ -3.39180822e-13  -1.17463178e-12   2.21522418e-13   2.18196012e-12
     2.73850871e-11   7.74384357e-13   2.41378172e-12  -3.68362532e-13]
  [ -1.95553488e-13   1.67747941e-12   1.33894986e-12   5.04093554e-12
     7.74384357e-13   2.88545946e-11  -9.76784816e-13  -1.78348759e-12]
  [ -1.28457724e-11  -3.17185517e-12  -2.90697381e-12   3.39038264e-12
     2.41378172e-12  -9.76784816e-13   4.83460854e-11  -2.95816532e-12]
  [  2.33250011e-12  -1.95108630e-13  -1.60275273e-13  -5.33809619e-14
    -3.68362532e-13  -1.78348759e-12  -2.95816532e-12   2.68667856e-11]]

 [[  5.57207314e-07   6.43224890e-07  -8.71423237e-08  -9.82501885e-08
    -8.57833128e-09  -2.99747080e-08   9.95484077e-08  -2.31373085e-07]
  [  6.43224890e-07   1.16100647e-06  -1.72137941e-08  -1.88367457e-07
    -2.07945770e-07  -1.22794278e-07   2.64886878e-07  -1.42829369e-07]
  [ -8.71423237e-08  -1.72137941e-08   5.56985662e-08  -6.09568366e-09
    -2.48110516e-08  -1.23759833e-08   3.26972816e-08   8.39777357e-08]
  [ -9.82501885e-08  -1.88367457e-07  -6.09568366e-09   7.24209376e-08
     1.22010211e-08   2.27127495e-08  -3.29130552e-08   5.77340667e-09]
  [ -8.57833128e-09  -2.07945770e-07  -2.48110516e-08   1.22010211e-08
     1.65598711e-07   2.61125785e-08  -6.87095630e-08  -2.97412522e-08]
  [ -2.99747080e-08  -1.22794278e-07  -1.23759833e-08   2.27127495e-08
     2.61125785e-08   3.21061203e-08  -4.04135745e-08  -2.05404152e-08]
  [  9.95484077e-08   2.64886878e-07   3.26972816e-08  -3.29130552e-08
    -6.87095630e-08  -4.04135745e-08   9.44268420e-08   2.11891974e-08]
  [ -2.31373085e-07  -1.42829369e-07   8.39777357e-08   5.77340667e-09
    -2.97412522e-08  -2.05404152e-08   2.11891974e-08   1.66591187e-07]]

 [[  3.25765632e-11   4.94084014e-12  -8.41635472e-13  -8.88539297e-13
    -2.59989594e-12  -1.26667163e-12   1.30307648e-11  -9.41091124e-12]
  [  4.94084014e-12   5.17697713e-11  -7.35599046e-12  -2.30797940e-12
     1.62905163e-12   1.70264527e-12  -7.43984773e-12  -5.56051375e-11]
  [ -8.41635472e-13  -7.35599046e-12   4.73365021e-11   5.41667038e-14
    -2.97190876e-12  -5.07357869e-13   7.21140277e-12   1.23799813e-11]
  [ -8.88539297e-13  -2.30797940e-12   5.41667038e-14   6.73378366e-11
     2.17239105e-12  -5.56225397e-12  -3.84512048e-12   8.14938562e-12]
  [ -2.59989594e-12   1.62905163e-12  -2.97190876e-12   2.17239105e-12
     6.15672060e-11  -9.46167213e-13  -3.42572361e-13   2.80204173e-13]
  [ -1.26667163e-12   1.70264527e-12  -5.07357869e-13  -5.56225397e-12
    -9.46167213e-13   6.18569062e-11   9.10089184e-13  -6.99178948e-12]
  [  1.30307648e-11  -7.43984773e-12   7.21140277e-12  -3.84512048e-12
    -3.42572361e-13   9.10089184e-13   3.52599148e-11   2.20749292e-11]
  [ -9.41091124e-12  -5.56051375e-11   1.23799813e-11   8.14938562e-12
     2.80204173e-13  -6.99178948e-12   2.20749292e-11   1.99028294e-10]]

 [[  2.78131051e-11  -6.56214926e-12   5.00450750e-12   1.73062148e-12
    -4.32172713e-12  -2.52797455e-12   4.46334775e-13  -8.59625769e-14]
  [ -6.56214926e-12   3.65694083e-11   7.40493270e-12   2.69792573e-12
    -3.74946085e-12  -1.27882044e-13   3.16543658e-12  -1.88944797e-12]
  [  5.00450750e-12   7.40493270e-12   4.30010626e-11   3.91955190e-12
     1.87260315e-12  -2.73895415e-12   4.91677755e-12  -2.05836970e-12]
  [  1.73062148e-12   2.69792573e-12   3.91955190e-12   6.85699237e-11
     1.47660039e-12  -2.95353883e-12  -4.71403609e-12  -6.32435557e-12]
  [ -4.32172713e-12  -3.74946085e-12   1.87260315e-12   1.47660039e-12
     5.16511000e-11   5.65598760e-12   2.83356147e-12  -1.56862854e-12]
  [ -2.52797455e-12  -1.27882044e-13  -2.73895415e-12  -2.95353883e-12
     5.65598760e-12   6.71240650e-11   4.56171569e-12  -9.69687701e-12]
  [  4.46334775e-13   3.16543658e-12   4.91677755e-12  -4.71403609e-12
     2.83356147e-12   4.56171569e-12   6.81883125e-12   3.26717504e-12]
  [ -8.59625769e-14  -1.88944797e-12  -2.05836970e-12  -6.32435557e-12
    -1.56862854e-12  -9.69687701e-12   3.26717504e-12   4.88943274e-11]]

 [[  2.38396293e-11   9.75623696e-12  -1.68631253e-11   2.04510807e-11
    -3.86183043e-12  -1.02301706e-11   1.49910842e-11  -1.56492742e-11]
  [  9.75623696e-12   4.47943850e-10  -3.19914317e-11   3.67047337e-11
    -2.59143866e-11   3.39645837e-11   1.62995888e-11  -1.61621940e-10]
  [ -1.68631253e-11  -3.19914317e-11   3.71128965e-10  -1.02936406e-11
     3.19593091e-11  -2.47503426e-11   3.70154494e-11   2.06863615e-11]
  [  2.04510807e-11   3.67047337e-11  -1.02936406e-11   5.55314283e-10
    -1.54741816e-11  -5.42857572e-11  -1.89955548e-11  -5.74244849e-11]
  [ -3.86183043e-12  -2.59143866e-11   3.19593091e-11  -1.54741816e-11
     5.35591174e-10   1.06453779e-10   3.08827294e-11  -6.38594698e-11]
  [ -1.02301706e-11   3.39645837e-11  -2.47503426e-11  -5.42857572e-11
     1.06453779e-10   5.89752932e-10   3.48241090e-11  -5.62390510e-11]
  [  1.49910842e-11   1.62995888e-11   3.70154494e-11  -1.89955548e-11
     3.08827294e-11   3.48241090e-11   6.98765252e-11   9.84511174e-12]
  [ -1.56492742e-11  -1.61621940e-10   2.06863615e-11  -5.74244849e-11
    -6.38594698e-11  -5.62390510e-11   9.84511174e-12   6.16145064e-10]]]
alpha =  ~ Dirichlet(alpha)
  alpha =
[    6.00999325   752.01750834  1113.19106013   585.52024964  2096.05624857
  2092.67119574    16.44737916  3531.86055285  3337.00360847  1829.32220386]