mu =  ~ Gaussian(mu, Cov)
  mu = 
[[  2.03924500e+01   3.34899689e+00  -4.82983939e-01   1.68009319e+00
    1.50798321e+00  -5.93827938e+00   2.32415224e+00   4.35626792e+00]
 [  9.25613077e+00   1.16404981e+00   1.35278442e+00  -5.29615979e-01
   -6.70042545e-02   7.66904493e-01   7.96527053e+00  -1.20092831e+00]
 [  1.67790263e+00  -1.94792210e+00   1.78231880e+00  -3.25148324e-01
   -1.27811083e-02  -5.03426711e-01   1.80619591e-01   3.67799399e-01]
 [ -9.56400266e-02   2.72206374e+00   1.02848134e+00  -2.46819105e-01
   -1.37593411e-01   6.80641833e-02   1.08386724e-01   1.66239442e-01]
 [  3.93260417e+00   6.18797359e-01  -1.89320148e+00   7.38779019e-01
   -1.27805007e-01  -1.69322681e-01  -4.36737710e-01   1.24725281e-01]
 [  1.64612257e-01  -1.44956879e+00   8.50013202e-01   7.71050121e-01
   -8.16099307e-01  -6.63304400e-01   7.20976551e-01  -1.65987667e-01]
 [ -4.42987698e+00  -8.05601264e-01  -7.20136344e-01   5.31579986e-01
   -3.95985719e-01  -1.87223700e-01   1.44641271e-01   9.64084230e-02]
 [  1.71561207e+00   6.23083598e-01   1.33598734e+00   2.26864329e+00
   -1.91885613e+00   1.84076426e+00  -7.81824420e-01  -2.08851652e+00]
 [  2.00190381e+01  -1.45467545e+00   3.14862144e-01  -1.20280975e+00
    2.31753262e-01  -2.44728508e+00  -1.26388977e-01   1.36471847e+00]
 [  7.39334772e-01   9.93398035e-01   5.35381023e-01  -1.33604265e-01
   -8.50235359e-01   4.73893556e-01  -1.62043157e-02  -1.00906374e-01]]
  Cov = 
[[[  9.74112732e+01   1.97580543e-01   9.90753300e-02   3.33976215e-02
    -4.56708281e-02  -9.66376765e-02  -1.00334962e-01   6.96610162e-02]
  [  1.97580543e-01   9.67239972e+01   2.39188601e-01  -1.06001268e-01
     1.56897120e-01   1.91151431e-01  -4.40532370e-02   4.79069465e-01]
  [  9.90753300e-02   2.39188601e-01   9.61679878e+01  -1.46163461e-01
     1.15165236e-01   2.63286936e-01  -3.63862510e-01  -2.59475852e-01]
  [  3.33976215e-02  -1.06001268e-01  -1.46163461e-01   9.50284017e+01
     6.66373408e-02   1.98373851e-01   2.30747184e-01   3.96169161e-01]
  [ -4.56708281e-02   1.56897120e-01   1.15165236e-01   6.66373408e-02
     9.52568034e+01   2.70750866e-02  -2.01195475e-01  -3.25562838e-02]
  [ -9.66376765e-02   1.91151431e-01   2.63286936e-01   1.98373851e-01
     2.70750866e-02   9.48914520e+01  -2.84226253e-01   5.46346579e-01]
  [ -1.00334962e-01  -4.40532370e-02  -3.63862510e-01   2.30747184e-01
    -2.01195475e-01  -2.84226253e-01   9.94188508e+01  -2.92717229e-01]
  [  6.96610162e-02   4.79069465e-01  -2.59475852e-01   3.96169161e-01
    -3.25562838e-02   5.46346579e-01  -2.92717229e-01   9.49463629e+01]]

 [[  9.95109990e+01   1.83125314e-01   5.12362970e-01  -3.07849853e-01
     1.39008108e-01   3.99099834e-01  -1.06170018e+00  -4.07474055e-01]
  [  1.83125314e-01   9.51227314e+01   8.53894363e-01  -3.66874103e-01
    -4.53556075e-01  -1.14661574e+00   4.99483710e-01   9.91193319e+00]
  [  5.12362970e-01   8.53894363e-01   9.73903716e+01   3.45977830e-01
     8.40305475e-02   8.63117482e-02   8.60960669e-01  -2.28119286e+00]
  [ -3.07849853e-01  -3.66874103e-01   3.45977830e-01   9.53450523e+01
    -2.59893055e-02   1.59384200e+00   5.32937117e-02   1.39540924e+00]
  [  1.39008108e-01  -4.53556075e-01   8.40305475e-02  -2.59893055e-02
     9.78808709e+01  -2.57197018e-01   5.94567460e-01   1.70039376e+00]
  [  3.99099834e-01  -1.14661574e+00   8.63117482e-02   1.59384200e+00
    -2.57197018e-01   9.63693757e+01   7.21383320e-01   3.53428843e+00]
  [ -1.06170018e+00   4.99483710e-01   8.60960669e-01   5.32937117e-02
     5.94567460e-01   7.21383320e-01   9.52980661e+01  -1.63515382e+00]
  [ -4.07474055e-01   9.91193319e+00  -2.28119286e+00   1.39540924e+00
     1.70039376e+00   3.53428843e+00  -1.63515382e+00   7.31352034e+01]]

 [[  9.97468492e+01   8.09254138e-02  -4.01181091e-02  -1.56728438e-02
    -5.68786427e-02  -7.20380792e-02  -7.98164077e-02  -1.03638818e-01]
  [  8.09254138e-02   9.96208828e+01  -3.57953148e-01  -1.74940867e-02
     3.58876379e-02   1.75836733e-01  -6.55627758e-03   7.70066669e-02]
  [ -4.01181091e-02  -3.57953148e-01   9.95057893e+01   4.67238960e-02
     6.24173804e-03   1.40265579e-01  -8.36639528e-02   5.90820440e-03]
  [ -1.56728438e-02  -1.74940867e-02   4.67238960e-02   9.88526621e+01
    -4.73420815e-02   5.37157690e-02   8.64418268e-02   1.89878615e-01]
  [ -5.68786427e-02   3.58876379e-02   6.24173804e-03  -4.73420815e-02
     9.97874005e+01  -2.14176600e-01  -4.87371306e-02   4.70336531e-03]
  [ -7.20380792e-02   1.75836733e-01   1.40265579e-01   5.37157690e-02
    -2.14176600e-01   9.90324594e+01  -1.14355322e-01  -4.43664935e-03]
  [ -7.98164077e-02  -6.55627758e-03  -8.36639528e-02   8.64418268e-02
    -4.87371306e-02  -1.14355322e-01   9.97769284e+01  -2.11499569e-01]
  [ -1.03638818e-01   7.70066669e-02   5.90820440e-03   1.89878615e-01
     4.70336531e-03  -4.43664935e-03  -2.11499569e-01   9.92538744e+01]]

 [[  9.97284800e+01  -1.10625344e-01  -7.57911107e-02   1.04413774e-01
     5.92956260e-02  -1.06795618e-01  -3.40518575e-02   2.11895832e-02]
  [ -1.10625344e-01   9.98566702e+01   8.48174711e-02   2.17007629e-02
     3.43209889e-02  -4.14694665e-02  -1.80816921e-02   6.60604562e-03]
  [ -7.57911107e-02   8.48174711e-02   9.95046400e+01  -3.64806257e-02
    -1.28360086e-02   3.35777485e-02  -3.65953672e-03  -1.80690269e-03]
  [  1.04413774e-01   2.17007629e-02  -3.64806257e-02   9.91068867e+01
     5.58173744e-02   4.47949115e-01   7.85191825e-02   1.27709795e-02]
  [  5.92956260e-02   3.43209889e-02  -1.28360086e-02   5.58173744e-02
     9.90403331e+01   1.94798851e-01  -3.19791509e-02   2.22029117e-02]
  [ -1.06795618e-01  -4.14694665e-02   3.35777485e-02   4.47949115e-01
     1.94798851e-01   9.93704012e+01  -4.97811301e-02  -4.97909670e-02]
  [ -3.40518575e-02  -1.80816921e-02  -3.65953672e-03   7.85191825e-02
    -3.19791509e-02  -4.97811301e-02   9.98826419e+01   3.47476699e-02]
  [  2.11895832e-02   6.60604562e-03  -1.80690269e-03   1.27709795e-02
     2.22029117e-02  -4.97909670e-02   3.47476699e-02   9.96549138e+01]]

 [[  9.97603024e+01   4.34932044e-01   1.56847883e+00  -9.47726313e-01
     7.00529298e-01   4.46781577e-01   2.35200890e-01   2.26980954e-01]
  [  4.34932044e-01   8.01341369e+01   8.05404102e-01   5.12738781e-01
     2.39968752e-01   3.32201506e+00   3.13016021e-01   6.71593185e+00]
  [  1.56847883e+00   8.05404102e-01   8.01182248e+01   3.84978313e-01
     5.46463758e-01  -2.40960967e+00  -2.19841831e+00  -3.63471677e+00]
  [ -9.47726313e-01   5.12738781e-01   3.84978313e-01   6.68404789e+01
     4.45898597e-01   1.25483080e+00   1.85341428e+00   5.13934618e+00]
  [  7.00529298e-01   2.39968752e-01   5.46463758e-01   4.45898597e-01
     7.64167785e+01  -3.02460561e-01  -5.58441855e-01   1.54211570e+00]
  [  4.46781577e-01   3.32201506e+00  -2.40960967e+00   1.25483080e+00
    -3.02460561e-01   6.99343754e+01  -4.21121544e+00   1.77113284e+00]
  [  2.35200890e-01   3.13016021e-01  -2.19841831e+00   1.85341428e+00
    -5.58441855e-01  -4.21121544e+00   9.89860076e+01  -6.32970084e-01]
  [  2.26980954e-01   6.71593185e+00  -3.63471677e+00   5.13934618e+00
     1.54211570e+00   1.77113284e+00  -6.32970084e-01   6.42111894e+01]]

 [[  9.95180909e+01  -1.47303640e+00   8.39094661e-01   3.33451886e+00
    -7.46484023e-01  -2.07991600e+00   1.31689572e+00   1.05766696e+00]
  [ -1.47303640e+00   7.85234529e+01   1.12272138e+01   2.77160356e+01
    -1.11238941e+01  -1.73773750e+01   1.37341846e+01   4.36528650e+00]
  [  8.39094661e-01   1.12272138e+01   9.37841235e+01  -1.51662402e+01
     5.86311364e+00   9.55134111e+00  -7.34724570e+00  -2.71378204e+00]
  [  3.33451886e+00   2.77160356e+01  -1.51662402e+01   5.79939603e+01
     1.43943742e+01   2.64803023e+01  -1.93626968e+01  -9.07577048e+00]
  [ -7.46484023e-01  -1.11238941e+01   5.86311364e+00   1.43943742e+01
     9.42183830e+01  -9.05092230e+00   7.11857339e+00   2.29790492e+00]
  [ -2.07991600e+00  -1.73773750e+01   9.55134111e+00   2.64803023e+01
    -9.05092230e+00   8.32302313e+01   1.21762117e+01   5.81054668e+00]
  [  1.31689572e+00   1.37341846e+01  -7.34724570e+00  -1.93626968e+01
     7.11857339e+00   1.21762117e+01   9.07714740e+01  -3.70153853e+00]
  [  1.05766696e+00   4.36528650e+00  -2.71378204e+00  -9.07577048e+00
     2.29790492e+00   5.81054668e+00  -3.70153853e+00   9.71550389e+01]]

 [[  9.99222079e+01   3.99969749e-02   8.70679918e-03   4.87994653e-03
     8.05553047e-03   1.65943777e-02   1.07167509e-02   2.64463491e-03]
  [  3.99969749e-02   9.97834432e+01  -3.62537131e-02   4.33827441e-03
     6.73854180e-03  -1.75697599e-02  -5.98351743e-03  -7.06755893e-03]
  [  8.70679918e-03  -3.62537131e-02   9.97944137e+01   2.81660810e-02
    -1.69133999e-02  -6.37211650e-03  -2.81772315e-02   2.31368623e-02]
  [  4.87994653e-03   4.33827441e-03   2.81660810e-02   9.96882235e+01
    -2.44956106e-02  -4.26925357e-02   6.26766684e-03   2.68619972e-02]
  [  8.05553047e-03   6.73854180e-03  -1.69133999e-02  -2.44956106e-02
     9.96838850e+01  -1.01372028e-02  -1.18721139e-02   7.48227627e-03]
  [  1.65943777e-02  -1.75697599e-02  -6.37211650e-03  -4.26925357e-02
    -1.01372028e-02   9.96847574e+01  -3.24440128e-02  -1.81807490e-03]
  [  1.07167509e-02  -5.98351743e-03  -2.81772315e-02   6.26766684e-03
    -1.18721139e-02  -3.24440128e-02   9.98911432e+01  -1.13329650e-02]
  [  2.64463491e-03  -7.06755893e-03   2.31368623e-02   2.68619972e-02
     7.48227627e-03  -1.81807490e-03  -1.13329650e-02   9.97088174e+01]]

 [[  9.15651100e+01  -4.87008857e+00  -5.84675090e+00  -1.22552610e+01
     1.22820718e+01  -9.57095718e+00  -7.27728843e+00   1.27736540e+01]
  [ -4.87008857e+00   9.57600659e+01  -3.35172788e+00  -7.73475929e+00
     8.00121235e+00  -6.68053078e+00  -4.80595480e+00   8.00056634e+00]
  [ -5.84675090e+00  -3.35172788e+00   9.58117311e+01  -8.50552217e+00
     8.46299540e+00  -6.66714971e+00  -4.61746345e+00   8.82269254e+00]
  [ -1.22552610e+01  -7.73475929e+00  -8.50552217e+00   8.18470648e+01
     1.83073635e+01  -1.44541638e+01  -1.09781085e+01   1.89017777e+01]
  [  1.22820718e+01   8.00121235e+00   8.46299540e+00   1.83073635e+01
     8.13346384e+01   1.45804130e+01   1.16254239e+01  -1.91145814e+01]
  [ -9.57095718e+00  -6.68053078e+00  -6.66714971e+00  -1.44541638e+01
     1.45804130e+01   8.80695349e+01  -8.41981594e+00   1.50156197e+01]
  [ -7.27728843e+00  -4.80595480e+00  -4.61746345e+00  -1.09781085e+01
     1.16254239e+01  -8.41981594e+00   9.05185163e+01   1.17304828e+01]
  [  1.27736540e+01   8.00056634e+00   8.82269254e+00   1.89017777e+01
    -1.91145814e+01   1.50156197e+01   1.17304828e+01   8.02436465e+01]]

 [[  9.94791398e+01   1.06969886e-01   5.80169696e-01  -2.74515055e-01
     2.37515560e-01   7.36866033e-02  -1.59085610e-01   6.43021540e-02]
  [  1.06969886e-01   9.25004576e+01  -1.41747714e-01  -1.82924333e-01
    -5.41022970e-01   1.62464222e-01  -1.86403454e-01   1.66084844e+00]
  [  5.80169696e-01  -1.41747714e-01   9.13954135e+01  -8.41451944e-01
     1.00836070e+00  -1.42824801e-01  -8.62093628e-01  -1.43814550e-01]
  [ -2.74515055e-01  -1.82924333e-01  -8.41451944e-01   8.75588669e+01
    -1.40858498e-01   8.02963000e-01   5.06523893e-01   2.23169519e-01]
  [  2.37515560e-01  -5.41022970e-01   1.00836070e+00  -1.40858498e-01
     9.10735076e+01  -5.53938470e-01  -1.74998580e-01   1.53890734e+00]
  [  7.36866033e-02   1.62464222e-01  -1.42824801e-01   8.02963000e-01
    -5.53938470e-01   8.97647948e+01  -1.01830770e+00   1.59060056e+00]
  [ -1.59085610e-01  -1.86403454e-01  -8.62093628e-01   5.06523893e-01
    -1.74998580e-01  -1.01830770e+00   9.91228800e+01  -3.26697101e-01]
  [  6.43021540e-02   1.66084844e+00  -1.43814550e-01   2.23169519e-01
     1.53890734e+00   1.59060056e+00  -3.26697101e-01   8.76309580e+01]]

 [[  9.98338244e+01   1.64650286e-01   1.74586736e-01  -1.23330705e-03
    -4.51174695e-01  -9.35638097e-02   1.03708075e-01   5.69080779e-01]
  [  1.64650286e-01   9.77672333e+01  -5.12438547e-01   1.03431870e+00
     2.38386769e+00   7.23907686e-01   5.95531838e-02  -1.40753064e+00]
  [  1.74586736e-01  -5.12438547e-01   9.83024905e+01  -2.80546836e-01
     3.35535431e-01   1.04317254e+00   1.98477558e-03  -1.37396239e+00]
  [ -1.23330705e-03   1.03431870e+00  -2.80546836e-01   9.58071582e+01
    -7.19564755e-01   1.91100112e+00   2.45726900e-01   9.71634290e-01]
  [ -4.51174695e-01   2.38386769e+00   3.35535431e-01  -7.19564755e-01
     9.63908465e+01  -8.93806822e-01   9.36923001e-02   2.71940436e+00]
  [ -9.35638097e-02   7.23907686e-01   1.04317254e+00   1.91100112e+00
    -8.93806822e-01   9.78633191e+01  -2.21587211e-01   5.46789175e-01]
  [  1.03708075e-01   5.95531838e-02   1.98477558e-03   2.45726900e-01
     9.36923001e-02  -2.21587211e-01   9.98730157e+01  -2.28591619e-01]
  [  5.69080779e-01  -1.40753064e+00  -1.37396239e+00   9.71634290e-01
     2.71940436e+00   5.46789175e-01  -2.28591619e-01   9.50117023e+01]]]

Lambda = ~ Wishart(n, A)
  n =
[ 2878.80476796   498.76211959   211.36906751   344.22651215   351.27203064
    14.99516264   510.74099292    15.82089163  1329.15043215    68.85802281]
  A =
[[[  3.22830473e-11  -2.53258353e-12  -1.26921848e-12  -4.53946410e-13
     6.26918393e-13   1.27669850e-12   1.27315844e-12  -8.97085700e-13]
  [ -2.53258353e-12   4.10996463e-11  -3.12850861e-12   1.42915400e-12
    -2.06735060e-12  -2.46836243e-12   5.01749549e-13  -6.37012691e-12]
  [ -1.26921848e-12  -3.12850861e-12   4.83873071e-11   1.89451419e-12
    -1.51854370e-12  -3.50656304e-12   4.60738570e-12   3.49271389e-12]
  [ -4.53946410e-13   1.42915400e-12   1.89451419e-12   6.35380051e-11
    -9.12098242e-13  -2.70879582e-12  -2.98933352e-12  -5.32168836e-12]
  [  6.26918393e-13  -2.06735060e-12  -1.51854370e-12  -9.12098242e-13
     6.03962826e-11  -3.47771809e-13   2.57267204e-12   4.46121877e-13]
  [  1.27669850e-12  -2.46836243e-12  -3.50656304e-12  -2.70879582e-12
    -3.47771809e-13   6.53779894e-11   3.62388161e-12  -7.34643035e-12]
  [  1.27315844e-12   5.01749549e-13   4.60738570e-12  -2.98933352e-12
     2.57267204e-12   3.62388161e-12   7.16295919e-12   3.76906262e-12]
  [ -8.97085700e-13  -6.37012691e-12   3.49271389e-12  -5.32168836e-12
     4.46121877e-13  -7.34643035e-12   3.76906262e-12   6.47968415e-11]]

 [[  2.12442493e-10  -1.06782741e-10  -2.20905898e-10   1.29473772e-10
    -6.63581235e-11  -1.85216735e-10   4.78302885e-10   2.51033810e-10]
  [ -1.06782741e-10   2.77541555e-09  -5.24425282e-10   2.48385944e-10
     3.09943145e-10   7.40806083e-10  -3.28669277e-10  -6.04160423e-09]
  [ -2.20905898e-10  -5.24425282e-10   1.16907710e-09  -1.53812370e-10
    -5.61904512e-11  -1.03732127e-10  -3.73991634e-10   1.39801533e-09]
  [  1.29473772e-10   2.48385944e-10  -1.53812370e-10   2.10866214e-09
     2.70793892e-11  -7.10251968e-10  -4.37163776e-11  -8.43639532e-10]
  [ -6.63581235e-11   3.09943145e-10  -5.61904512e-11   2.70793892e-11
     9.30701369e-10   1.53079465e-10  -2.77778135e-10  -1.03661820e-09]
  [ -1.85216735e-10   7.40806083e-10  -1.03732127e-10  -7.10251968e-10
     1.53079465e-10   1.68973092e-09  -3.53889472e-10  -2.17162787e-09]
  [  4.78302885e-10  -3.28669277e-10  -3.73991634e-10  -4.37163776e-11
    -2.77778135e-10  -3.53889472e-10   2.07985286e-09   1.00472890e-09]
  [  2.51033810e-10  -6.04160423e-09   1.39801533e-09  -8.43639532e-10
    -1.03661820e-09  -2.17162787e-09   1.00472890e-09   1.61912810e-08]]

 [[  5.88923614e-10  -1.87798758e-10   9.42454900e-11   3.73733736e-11
     1.33426910e-10   1.71511181e-10   1.88724821e-10   2.45353441e-10]
  [ -1.87798758e-10   8.89584568e-10   8.42127528e-10   4.36080248e-11
    -8.42767850e-11  -4.14759953e-10   1.51524722e-11  -1.82500207e-10]
  [  9.42454900e-11   8.42127528e-10   1.16154419e-09  -1.06791772e-10
    -1.45524645e-11  -3.29569308e-10   1.97139291e-10  -1.38617137e-11]
  [  3.73733736e-11   4.36080248e-11  -1.06791772e-10   2.71058961e-09
     1.14223220e-10  -1.19741324e-10  -2.02709198e-10  -4.47645925e-10]
  [  1.33426910e-10  -8.42767850e-11  -1.45524645e-11   1.14223220e-10
     4.96873072e-10   5.05996935e-10   1.15143607e-10  -1.02268993e-11]
  [  1.71511181e-10  -4.14759953e-10  -3.29569308e-10  -1.19741324e-10
     5.05996935e-10   2.28068686e-09   2.70587752e-10   1.25969361e-11]
  [  1.88724821e-10   1.51524722e-11   1.97139291e-10  -2.02709198e-10
     1.15143607e-10   2.70587752e-10   5.22861686e-10   4.98173611e-10]
  [  2.45353441e-10  -1.82500207e-10  -1.38617137e-11  -4.47645925e-10
    -1.02268993e-11   1.25969361e-11   4.98173611e-10   1.74964645e-09]]

 [[  2.34851503e-10   9.57780749e-11   6.56350886e-11  -9.15407836e-11
    -5.20562072e-11   9.36314095e-11   2.97377234e-11  -1.83560733e-11]
  [  9.57780749e-11   1.23939644e-10  -7.36858727e-11  -1.91496810e-11
    -3.02272806e-11   3.64049203e-11   1.58089582e-11  -5.73043492e-12]
  [  6.56350886e-11  -7.36858727e-11   4.29617984e-10   3.17115680e-11
     1.16426138e-11  -2.93039976e-11   3.11011676e-12   1.53258694e-12]
  [ -9.15407836e-11  -1.91496810e-11   3.17115680e-11   7.78333094e-10
    -4.82222051e-11  -3.91976199e-10  -6.85853960e-11  -1.13345658e-11]
  [ -5.20562072e-11  -3.02272806e-11   1.16426138e-11  -4.82222051e-11
     8.35639886e-10  -1.70516989e-10   2.75684705e-11  -1.95433691e-11]
  [  9.36314095e-11   3.64049203e-11  -2.93039976e-11  -3.91976199e-10
    -1.70516989e-10   5.48410554e-10   4.35948189e-11   4.34921544e-11]
  [  2.97377234e-11   1.58089582e-11   3.11011676e-12  -6.85853960e-11
     2.75684705e-11   4.35948189e-11   1.01472015e-10  -3.03092888e-11]
  [ -1.83560733e-11  -5.73043492e-12   1.53258694e-12  -1.13345658e-11
    -1.95433691e-11   4.34921544e-11  -3.03092888e-11   2.98040267e-10]]

 [[  2.50777045e-10  -3.86907189e-10  -1.69484988e-09   1.25446857e-09
    -7.62753087e-10  -5.86961663e-10  -2.90384519e-10  -4.24735780e-10]
  [ -3.86907189e-10   2.16498342e-08  -1.59436288e-09   1.34418777e-10
    -1.54755895e-10  -4.86752150e-09  -6.46989872e-10  -1.07761609e-08]
  [ -1.69484988e-09  -1.59436288e-09   2.12781837e-08  -1.16590261e-09
    -6.62600651e-10   3.63724150e-09   2.54033031e-09   6.03181699e-09]
  [  1.25446857e-09   1.34418777e-10  -1.16590261e-09   4.26683755e-08
    -4.34593198e-10  -1.93568881e-09  -2.52159965e-09  -1.05977003e-08]
  [ -7.62753087e-10  -1.54755895e-10  -6.62600651e-10  -4.34593198e-10
     2.58685780e-08   5.73975961e-10   6.35096209e-10  -2.74051651e-09]
  [ -5.86961663e-10  -4.86752150e-09   3.63724150e-09  -1.93568881e-09
     5.73975961e-10   3.65236072e-08   5.20929676e-09  -2.47164792e-09]
  [ -2.90384519e-10  -6.46989872e-10   2.54033031e-09  -2.52159965e-09
     6.35096209e-10   5.20929676e-09   1.18796426e-09   1.08678454e-09]
  [ -4.24735780e-10  -1.07761609e-08   6.03181699e-09  -1.05977003e-08
    -2.74051651e-09  -2.47164792e-09   1.08678454e-09   4.89475172e-08]]

 [[  2.45354221e-04   2.38312627e-03  -1.29025334e-03  -3.44255251e-03
     1.23791660e-03   2.16921743e-03  -1.62046306e-03  -6.89166941e-04]
  [  2.38312627e-03   2.31854057e-02  -1.25520262e-02  -3.34775369e-02
     1.20438146e-02   2.10949278e-02  -1.57615358e-02  -6.69690807e-03]
  [ -1.29025334e-03  -1.25520262e-02   6.79570935e-03   1.81246752e-02
    -6.52028084e-03  -1.14207949e-02   8.53310294e-03   3.62600768e-03]
  [ -3.44255251e-03  -3.34775369e-02   1.81246752e-02   4.83451306e-02
    -1.73901745e-02  -3.04634615e-02   2.27599371e-02   9.67341974e-03]
  [  1.23791660e-03   1.20438146e-02  -6.52028084e-03  -1.73901745e-02
     6.25625942e-03   1.09579539e-02  -8.18744189e-03  -3.47879260e-03]
  [  2.16921743e-03   2.10949278e-02  -1.14207949e-02  -3.04634615e-02
     1.09579539e-02   1.91958533e-02  -1.43415688e-02  -6.09554863e-03]
  [ -1.62046306e-03  -1.57615358e-02   8.53310294e-03   2.27599371e-02
    -8.18744189e-03  -1.43415688e-02   1.07152369e-02   4.55356808e-03]
  [ -6.89166941e-04  -6.69690807e-03   3.62600768e-03   9.67341974e-03
    -3.47879260e-03  -6.09554863e-03   4.55356808e-03   1.93645391e-03]]

 [[  3.03921482e-11  -1.56647448e-11  -3.41175312e-12  -1.89184016e-12
    -3.15259190e-12  -6.48925707e-12  -4.18917045e-12  -1.03388558e-12]
  [ -1.56647448e-11   8.46660036e-11   1.42399371e-11  -1.70013534e-12
    -2.63438435e-12   6.87858697e-12   2.37895879e-12   2.76134472e-12]
  [ -3.41175312e-12   1.42399371e-11   8.03381383e-11  -1.10151789e-11
     6.61476873e-12   2.47745390e-12   1.10275307e-11  -9.05748485e-12]
  [ -1.89184016e-12  -1.70013534e-12  -1.10151789e-11   1.21989019e-10
     9.59316214e-12   1.67601721e-11  -2.47354136e-12  -1.05539889e-11]
  [ -3.15259190e-12  -2.63438435e-12   6.61476873e-12   9.59316214e-12
     1.23670630e-10   3.97670220e-12   4.64445666e-12  -2.93358077e-12]
  [ -6.48925707e-12   6.87858697e-12   2.47745390e-12   1.67601721e-11
     3.97670220e-12   1.23370592e-10   1.27028009e-11   7.08799354e-13]
  [ -4.18917045e-12   2.37895879e-12   1.10275307e-11  -2.47354136e-12
     4.64445666e-12   1.27028009e-11   4.24189076e-11   4.48590157e-12]
  [ -1.03388558e-12   2.76134472e-12  -9.05748485e-12  -1.05539889e-11
    -2.93358077e-12   7.08799354e-13   4.48590157e-12   1.13890850e-10]]

 [[  7.99231596e-05   5.08651294e-05   5.51757821e-05   1.18494344e-04
    -1.20098712e-04   9.43153716e-05   7.31534387e-05  -1.23606302e-04]
  [  5.08651294e-05   3.35405810e-05   3.50930833e-05   7.59545825e-05
    -7.71834598e-05   6.09694702e-05   4.70743774e-05  -7.91835335e-05]
  [  5.51757821e-05   3.50930833e-05   3.81998524e-05   8.18096882e-05
    -8.28669171e-05   6.51356946e-05   5.01509319e-05  -8.53041293e-05]
  [  1.18494344e-04   7.59545825e-05   8.18096882e-05   1.75966082e-04
    -1.78440841e-04   1.40282980e-04   1.08804161e-04  -1.83543389e-04]
  [ -1.20098712e-04  -7.71834598e-05  -8.28669171e-05  -1.78440841e-04
     1.81114383e-04  -1.42257483e-04  -1.10786204e-04   1.86167880e-04]
  [  9.43153716e-05   6.09694702e-05   6.51356946e-05   1.40282980e-04
    -1.42257483e-04   1.12173012e-04   8.64826517e-05  -1.46295386e-04]
  [  7.31534387e-05   4.70743774e-05   5.01509319e-05   1.08804161e-04
    -1.10786204e-04   8.64826517e-05   6.96103103e-05  -1.13736620e-04]
  [ -1.23606302e-04  -7.91835335e-05  -8.53041293e-05  -1.83543389e-04
     1.86167880e-04  -1.46295386e-04  -1.13736620e-04   1.91507827e-04]]

 [[  2.98683257e-11  -6.79695133e-12  -3.57576854e-11   1.80156684e-11
    -1.47586644e-11  -4.98309204e-12   8.27590438e-12  -4.00168467e-12]
  [ -6.79695133e-12   4.63936318e-10   7.94962747e-12   1.31912928e-11
     3.93136769e-11  -8.88712081e-12   1.09904243e-11  -1.15534160e-10]
  [ -3.57576854e-11   7.94962747e-12   5.38823315e-10   5.65243363e-11
    -7.09938172e-11   1.17332023e-11   5.42583921e-11   1.07305845e-11]
  [  1.80156684e-11   1.31912928e-11   5.65243363e-11   8.06538565e-10
     9.40160341e-12  -5.64570786e-11  -3.31855851e-11  -1.62049556e-11]
  [ -1.47586644e-11   3.93136769e-11  -7.09938172e-11   9.40160341e-12
     5.61504236e-10   4.01120357e-11   1.01130276e-11  -1.10403960e-10]
  [ -4.98309204e-12  -8.88712081e-12   1.17332023e-11  -5.64570786e-11
     4.01120357e-11   6.51112067e-10   6.52645260e-11  -1.14980668e-10]
  [  8.27590438e-12   1.09904243e-11   5.42583921e-11  -3.31855851e-11
     1.01130276e-11   6.52645260e-11   5.11067416e-11   1.97200191e-11]
  [ -4.00168467e-12  -1.15534160e-10   1.07305845e-11  -1.62049556e-11
    -1.10403960e-10  -1.14980668e-10   1.97200191e-11   8.06630955e-10]]

 [[  4.04697593e-09  -4.77762457e-09  -4.58339928e-09   2.34510892e-10
     1.18441431e-08   2.71039665e-09  -2.40180490e-09  -1.48214515e-08]
  [ -4.77762457e-09   5.78195736e-08   1.40051021e-08  -2.71846612e-08
    -6.30694743e-08  -1.86163605e-08  -1.18320395e-09   3.99093029e-08]
  [ -4.58339928e-09   1.40051021e-08   4.25441162e-08   7.42042971e-09
    -1.03892795e-08  -2.68507634e-08  -1.31362611e-10   3.62178708e-08]
  [  2.34510892e-10  -2.71846612e-08   7.42042971e-09   1.05927957e-07
     2.02013871e-08  -4.84093571e-08  -6.25588402e-09  -2.66702836e-08]
  [  1.18441431e-08  -6.30694743e-08  -1.03892795e-08   2.02013871e-08
     9.47173908e-08   2.34737306e-08  -2.39370035e-09  -7.41182089e-08]
  [  2.71039665e-09  -1.86163605e-08  -2.68507634e-08  -4.84093571e-08
     2.34737306e-08   5.40975735e-08   5.40368776e-09  -1.51143540e-08]
  [ -2.40180490e-09  -1.18320395e-09  -1.31362611e-10  -6.25588402e-09
    -2.39370035e-09   5.40368776e-09   2.96062505e-09   5.60439523e-09]
  [ -1.48214515e-08   3.99093029e-08   3.62178708e-08  -2.66702836e-08
    -7.41182089e-08  -1.51143540e-08   5.60439523e-09   1.31813748e-07]]]
alpha =  ~ Dirichlet(alpha)
  alpha =
[ 2870.81476796   490.77211959   203.37906751   336.23651215   343.28203064
     7.00516264   502.75099292     7.83089163  1321.16043215    60.86802281]