-1279537.90714
-1171537.62011
-1170344.81679
-1169813.38188
-1169497.47206
-1169295.27992
-1169157.06349
-1169057.25795
-1168981.72851
-1168921.67082
-1168871.26854
-1168827.91372
-1168790.3379
-1168757.55929
-1168728.67074
-1168702.75071
-1168678.96533
-1168656.64468
-1168635.27452
-1168614.47252
-1168593.95445
-1168573.50823
-1168553.02667
-1168532.47638
-1168511.75692
-1168490.7346
-1168469.41172
-1168448.12845
-1168427.56775
-1168408.092
-1168389.7422
-1168372.57777
-1168356.69375
-1168342.04888
-1168328.50537
-1168315.91559
-1168304.13282
-1168292.99997
Converged at iteration 38.